11947
0
1303
926
354
52
95
89
17
454
80
1
1182
563
5847
141
130
116
1273
95
196
3673
214
161
210
230
6495
119
269
109
589
94
375
1645
338
285
1789
345
165
102
1200
252
250
43333
2868
381
156
79
656
376
0
226
857
2968
436
110
0
19772
0
81
281
12691
136
0
682
1281
134
438
1742
1359
270
513
851
1683
1
58
70
2388
261
111
239
1329
10421
557
67
695
138
245
80
89
275
734
97
231
191
1193
1080
165
91
130
168
122
100
725
0
2718
81
280
11600
6794
394
0
135
192
7034
732
396
221
885
118
13270
20
346
1451
325
952
888
1806
297
74
4153
6
72
195
131
484
433
148
1106
438
354
533
333
491
77
538
341
152
77
120
1000
244
785
360
110
506
199
959
0
1051
303
259
163
155
763
484
1
0
2669
143
1859
761
82
115
345
129
442
488
68
519
71
3391
1714
31
2317
81
656
115
64
616
122
1806
1136
786
284
201
375
153
5
291
106
2432
764
217
249
316
2190
294
534
1403
142
2502
1069
23
633
140
87
896
239
1701
2582
574
63
89
143
377
316
170
157
115
969
358
394
60
111
577
212
224
232
644
405
595
81
607
163
1125
1082
72
435
81
971
183
88
1135
921
204
1494
284
72
2287
195
226
144
82
75
181
154
855
484
230
148
299
6441
92
105
1
138
479
5708
0
862
566
362
219
637
298
340
253
198
85
674
98
85
263
0
304
179
246
878
0
413
503
87
407
530
82
136
576
89
4330
335
89
344
211
199
1379
385
950
626
318
90
122
0
500
220
1351
93
123
69
103
3331
2623
205
66
348
1528
366
174
347
1381
359
141
194
0
0
229
425
552
160
82
407
1184
583
0
440
64
111
74
290
85
557
537
161
95
3503
93
1
105
2500
450
71
106
229
167
686
384
96
233
41
87
88
201
3148
0
9323
1769
146
4117
204
31
1135
70
680
3016
163
1224
562
936
223
120
430
1038
267
76
243
80
732
870
69
135
0
85
2767
371
265
121
1242
914
148
1426
50
97
80
369
454
117
244
1035
354
330
160
136
2479
202
539
89
171
191
200
184
83
88
125
743
577
117
589
551
0
236
325
136
406
21185
4382
387
1651
2582
4530
1253
241
865
780
159
516
333
312
86
501
250
134
486
0
126
168
180
101
2131
286
162
795
164
0
1232
260
925
2360
249
2367
1
72
101
0
1444
445
116
71
2404
1016
2627
1140
72
533
452
808
373
89
113
1204
149
131
101
1173
136
12
3350
5420
3040
128
554
131
73
353
1157
288
163
225
224
4276
694
0
493
134
90
1642
1116
802
355
580
91
567
1
99
1453
3342
247
303
134
145
260
237
114
549
747
469
33
0
1858
109
364
265
107
234
318
58
0
1135
41
549
103
846
342
286
0
686
100
759
2032
254
93
181
501
167
216
0
994
116
528
125
1601
468
37
338
380
104
188
259
62
812
83
756
75
1213
538
321
515
368
117
398
6094
299
229
100
557
407
520
164
177
134
170
135
490
328
310
208
517
73
3057
544
432
726
343
583
62
244
194
447
322
1394
775
635
155
86
212
499
368
144
9
70
253
905
83
406
129
456
1495
200
115
393
400
193
185
495
338
152
1662
5
768
623
300
98
1125
0
75
2074
342
312
709
423
121
246
212
1476
10
231
269
643
1801
87
0
104
447
188
1163
223
474
1
178
75
108
150
201
69
194
0
324
631
735
696
1075
373
952
112
81
987
109
5
115
580
136
600
123
597
325
969
119
79
130
119
110
431
3010
480
223
0
80
186
169
659
138
275
780
1725
216
131
120
80
440
3592
134
1511
206
210
94
1466
101
205
102
508
473
223
301
541
1290
430
227
0
219
105
416
0
146
434
174
252
505
402
219
71
61
101
372
270
87
89
104
360
507
312
243
0
113
6
79
376
160
560
195
8
91
419
753
872
494
130
272
719
1
201
128
2555
197
439
721
411
1757
87
118
239
329
2561
4
314
285
962
579
787
102
63
603
630
68
94
429
939
429
127
124
276
172
287
147
327
1658
616
146
93
152
75
122
57
153
114
438
2981
75
584
238
106
0
211
1369
163
73
66
431
169
178
830
305
179
96
6
295
226
7
6351
157
79
78
468
112
755
93
152
362
775
135
133
333
183
670
1423
1279
89
468
130
175
122
58
54
73
173
275
240
56
452
80
0
240
154
116
253
473
629
124
613
370
91
236
0
360
1016
415
235
1488
197
5
83
82
4
94
156
339
20
194
108
1
81
112
85
69
12
88
638
76
82
67
1575
765
114
147
6
263
354
80
190
334
99
180
2107
456
380
1170
113
75
820
992
194
577
76
466
362
135
209
76
298
98
4942
1039
100
432
92
109
74
128
71
196
83
178
132
52
1402
348
132
191
819
123
237
194
75
69
109
124
584
640
76
95
911
108
156
0
135
270
219
177
73
557
125
578
82
1229
506
110
133
41
618
3
156
0
160
169
81
213
877
1104
72
328
210
88
2069
310
131
413
83
869
0
273
1627
568
185
829
154
2
24
3422
2438
294
92
70
949
197
1104
137
174
380
291
294
109
118
134
533
179
1732
164
93
1119
10
388
580
0
111
6281
1263
700
1
102
1
2519
669
546
478
1341
1372
0
67
341
81
450
364
144
0
716
3
4329
202
116
3
256
96
303
64
113
106
692
2135
165
96
106
75
756
185
151
744
51
188
161
123
70
65
79
157
386
412
2
1939
72
194
534
322
94
113
299
242
43
199
849
957
319
68
79
73
225
1001
122
0
3035
8414
850
211
98
811
61
187
2452
282
12
115
285
113
110
113
447
405
0
190
106
0
197
0
980
367
47
104
88
131
118
162
148
159
102
1163
317
378
1
224
113
65
370
364
311
410
5
75
1449
79
1252
3
375
194
150
117
316
101
75
1849
95
517
97
87
639
171
111
0
0
717
319
843
71
325
239
0
6085
533
0
76
576
0
263
221
127
2069
1073
137
175
103
98
677
273
1119
0
403
0
0
1019
128
154
1192
90
723
1982
81
109
110
93
99
106
1103
862
371
264
92
1640
261
215
153
922
157
26
163
49
0
94
85
182
351
1149
160
382
385
975
6
1021
301
71
1136
887
147
60
116
232
105
90
363
93
659
539
274
316
103
87
145
1067
293
126
161
254
453
117
128
76
59
600
91
86
2549
84
358
108
144
44
416
292
100
63
167
144
390
1171
370
173
1363
245
171
746
113
194
426
81
243
79
0
64
107
165
1147
90
2399
1234
251
170
132
120
222
368
250
81
66
209
960
81
71
2
1138
3
1642
166
106
125
188
337
1
199
0
83
250
326
0
73
144
305
292
81
31
97
99
164
146
1554
81
119
94
0
1
90
293
124
194
0
123
64
0
151
17
1467
116
0
136
52
1449
0
91
225
135
514
375
2560
98
21
238
257
166
0
63
158
171
266
70
168
48
77
407
223
154
131
143
86
13
132
721
183
287
114
187
1
85
975
533
232
17
63
351
304
143
289
104
108
202
221
747
170
164
373
2
333
569
130
578
92
87
184
377
143
55
557
106
646
0
186
15
88
588
0
3
73
301
167
132
102
114
301
363
46
63
1
997
7
69
590
173
78
94
6
556
0
0
64
392
80
106
67
773
94
0
666
87
147
202
1504
153
174
110
418
132
75
293
1072
158
133
207
265
367
90
83
44
137
426
264
720
238
289
0
141
106
1055
1134
433
152
100
943
836
136
196
112
2
72
2
260
245
369
68
583
102
66
1250
128
331
219
530
686
100
75
82
1182
398
88
444
13
220
538
2602
165
216
472
132
207
81
2
121
101
482
402
21
126
190
259
326
109
89
185
168
163
498
298
88
131
51
119
1062
934
483
461
75
0
153
174
5343
1
76
534
88
6
107
569
1125
4
335
150
77
0
210
113
1
605
225
1251
102
49
230
162
0
313
112
305
177
190
3338
81
0
92
65
77
732
101
128
463
74
311
961
343
433
237
815
180
393
83
393
181
0
676
192
160
416
228
830
226
440
122
433
351
195
754
355
91
1251
356
2534
269
431
408
248
125
551
94
0
133
206
350
190
94
135
79
215
175
73
278
318
157
98
6
406
1
344
1453
0
228
1098
290
424
125
323
246
381
0
80
84
0
286
62
530
3
392
100
140
285
129
6
368
296
398
0
123
189
0
87
1
96
289
0
135
0
8
165
785
172
176
1038
1
82
638
0
0
167
93
90
129
392
86
140
549
51
612
143
139
105
155
68
96
77
78
152
775
2
0
138
112
126
448
79
180
144
100
171
139
387
1236
113
326
56
220
281
116
227
592
173
241
86
282
57
1142
0
142
299
1426
301
1166
431
204
0
3
494
259
0
90
127
108
116
150
392
99
123
64
215
672
6
114
190
68
267
123
62
155
92
0
210
448
214
177
80
141
1166
165
0
342
98
95
13
261
1
128
240
59
191
213
67
1045
0
0
91
230
288
3528
1903
523
96
71
80
176
208
246
759
143
6
158
387
100
383
83
82
167
706
84
427
85
104
340
122
203
59
0
91
534
127
470
0
65
435
65
125
104
106
73
61
165
308
93
599
55
76
207
85
4
335
292
460
332
470
206
132
55
119
67
133
126
119
915
194
465
0
110
76
74
874
108
257
322
340
1008
157
115
790
143
339
127
151
224
127
100
98
0
130
275
312
4
175
437
83
113
89
102
160
77
119
9
0
304
65
121
414
113
322
0
60
153
96
84
326
0
94
142
83
105
4
86
370
505
1298
608
121
111
53
649
0
210
214
0
212
302
159
509
519
145
143
85
199
180
636
343
86
163
90
136
636
490
79
310
258
212
282
450
64
302
202
312
449
120
249
427
0
188
72
390
490
195
189
1961
217
718
75
128
117
775
88
0
233
255
0
421
710
474
277
1127
1
324
81
113
274
108
72
178
72
192
37
678
260
113
109
371
80
179
208
0
93
283
340
0
118
161
33
101
514
121
84
54
226
87
536
624
64
398
524
201
0
85
121
200
485
211
0
1256
211
1
121
0
413
120
24
91
81
239
159
278
76
189
262
0
514
412
5
471
479
225
154
180
2
0
174
74
121
113
307
90
177
192
301
2263
38
120
1199
152
450
82
228
173
134
298
5
87
275
59
1
6
87
301
0
568
83
122
22
250
438
370
133
776
131
381
538
0
480
283
0
357
198
94
109
137
216
141
91
806
124
112
103
0
68
237
295
82
47
850
71
129
109
300
2
290
247
472
936
669
1035
63
86
50
615
1309
0
177
325
465
252
613
135
66
126
99
400
82
0
237
148
136
127
327
139
160
313
1
101
107
104
111
75
520
147
329
1
192
224
72
313
460
205
90
458
62
355
691
164
67
222
2
114
95
155
59
181
91
70
437
75
214
26
78
0
86
106
98
127
468
332
96
112
685
307
629
72
90
137
153
18
19
120
15
140
112
183
7
98
2
187
66
462
81
102
93
117
0
152
104
48
234
369
140
263
306
441
55
153
80
81
84
67
67
59
375
598
100
174
118
62
514
482
518
214
234
252
143
242
204
138
84
230
86
224
70
310
95
86
256
101
529
114
1036
80
0
102
339
94
123
82
279
222
581
77
350
460
224
300
99
238
273
219
68
353
117
510
65
13
6
124
448
85
59
0
159
322
266
19
90
350
226
226
93
0
77
154
246
672
0
225
190
136
169
2
1665
329
133
311
119
190
36
747
352
523
151
117
189
80
109
83
118
90
340
75
176
212
82
98
109
0
260
353
277
252
162
16
76
133
215
115
160
278
92
63
160
39
168
281
77
94
0
168
251
155
112
137
114
272
94
136
303
358
108
455
665
84
262
463
106
567
544
93
0
88
200
92
105
125
188
304
125
126
503
60
157
840
662
653
184
74
89
53
245
1006
102
252
249
90
171
739
412
195
0
85
91
126
488
105
87
76
0
113
428
184
74
161
228
355
189
104
101
125
0
152
0
115
163
124
92
237
71
734
488
198
263
167
99
141
85
116
132
946
93
136
235
589
126
216
401
93
563
353
51
0
305
210
160
440
181
148
243
385
84
223
109
68
4
309
382
74
76
115
206
92
191
93
180
99
154
0
193
80
199
365
67
112
74
119
182
87
152
463
125
640
192
2331
52
84
116
346
85
289
222
168
157
0
57
242
210
1718
119
231
0
96
249
100
59
1006
239
360
0
357
134
142
249
0
303
96
0
148
427
79
92
98
18
119
2534
0
147
138
127
78
88
134
76
0
113
20
89
248
329
181
113
519
38
75
344
229
258
75
549
361
75
188
504
123
7
139
0
239
81
130
293
211
3250
77
2
634
457
57
101
112
827
264
2
230
493
465
372
215
84
67
714
36
103
429
617
139
69
119
75
139
113
86
0
185
122
334
85
755
84
107
101
2
982
23
18
247
105
258
221
0
104
591
86
220
970
325
385
49
511
463
75
115
2
107
360
205
468
111
113
1195
469
325
96
312
203
304
119
64
1
94
76
86
115
259
72
1046
281
116
116
308
218
533
79
141
121
71
73
80
548
91
228
272
70
357
0
146
71
115
72
477
110
73
93
107
0
1104
77
269
110
102
800
485
508
82
423
131
1038
1
96
0
84
684
380
218
128
688
551
71
128
123
93
69
2
142
785
79
604
137
115
0
114
90
655
269
143
91
26
146
257
777
134
238
358
145
114
2
101
233
77
555
447
288
67
120
1305
429
142
339
0
2072
101
138
319
150
60
322
691
13
164
115
223
324
169
15
54
0
11
709
236
83
195
135
63
77
848
83
66
105
210
88
113
82
108
390
129
138
92
118
142
212
0
128
235
470
90
137
43
121
284
99
860
89
78
0
102
225
62
436
0
94
481
0
42
277
277
87
0
185
1583
135
293
122
34
385
167
369
153
284
458
90
136
9
264
269
74
113
65
16
981
81
125
2
521
137
71
95
549
1
63
0
78
325
29
1
82
94
690
74
475
160
1487
91
222
383
486
112
65
36
89
544
1
130
704
400
316
158
149
11
387
146
38
92
85
331
131
118
22
44
174
80
32
591
78
270
285
230
197
97
74
107
141
93
392
143
86
1247
118
87
17
128
103
79
263
6
305
660
214
142
343
239
348
316
150
317
971
188
242
170
439
83
238
121
0
219
258
563
80
82
28
71
184
178
258
243
274
165
448
443
230
63
222
0
207
22
230
219
89
302
65
3022
206
144
0
270
92
155
357
189
2
355
214
130
478
94
175
142
176
346
168
78
101
81
85
181
56
81
0
115
72
0
66
76
138
146
194
169
0
225
404
283
575
120
0
122
369
84
286
101
166
1788
297
124
92
680
254
149
150
176
248
91
195
101
113
106
136
143
272
98
106
130
162
103
642
59
168
174
365
68
187
1
1
306
67
146
92
150
407
82
0
367
0
145
465
106
228
94
149
1657
705
182
355
110
267
95
65
516
577
137
192
508
69
116
0
30
188
78
475
119
71
185
79
0
185
122
35
236
159
84
120
214
0
80
147
127
10
197
73
0
230
682
87
155
95
119
41
70
76
144
163
497
113
168
70
71
153
145
94
0
101
40
199
232
0
4322
145
150
81
357
225
0
396
168
109
261
123
8
94
273
93
311
76
260
704
89
175
122
607
168
92
429
5038
127
152
247
95
67
101
77
130
49
100
123
147
64
252
320
133
651
122
767
54
129
161
219
853
232
77
90
72
91
130
0
124
63
118
64
90
121
146
274
120
148
176
97
104
294
1
150
129
148
204
287
107
149
94
191
160
248
76
155
254
0
75
79
0
78
276
94
404
65
375
96
105
73
177
156
93
13
0
2
138
73
153
78
244
85
220
1
220
176
14
123
94
158
106
1410
0
157
54
403
12
84
95
1
1
143
200
146
178
105
36
114
97
36
105
126
403
105
592
213
198
304
105
237
95
238
86
694
142
171
89
248
142
109
0
83
97
124
208
1
196
108
78
487
123
516
188
232
131
1
116
69
466
137
89
221
472
152
238
135
378
123
106
50
164
1
120
96
0
162
95
158
473
131
1288
41
107
92
112
82
117
97
586
114
72
121
15
312
158
81
220
90
51
212
194
80
148
71
136
249
91
124
164
108
91
144
81
284
114
95
96
100
78
160
483
85
297
191
146
269
833
193
188
151
54
132
94
213
93
82
72
298
149
654
436
154
109
150
118
451
74
116
74
127
102
110
179
80
169
81
64
71
0
0
198
0
111
174
288
114
216
77
97
78
122
93
89
159
73
260
374
332
87
402
166
164
0
150
130
12
217
398
7
283
1164
41
272
96
311
351
16
93
8
0
205
248
99
114
252
683
134
116
284
104
78
362
109
63
186
114
95
174
324
70
54
269
132
122
232
48
197
118
528
367
174
2
375
61
274
82
214
82
20
2
215
121
165
459
145
96
128
167
128
1752
59
100
6
179
82
58
282
50
314
72
53
8
98
287
203
173
121
0
699
12
157
85
260
3214
138
100
242
158
80
85
0
106
59
74
0
209
114
91
298
10
129
131
297
150
76
76
413
90
0
245
223
184
109
83
94
162
145
193
344
156
368
122
228
62
201
238
355
155
109
582
449
249
156
37
98
133
489
105
93
18
77
0
184
312
354
55
0
134
181
439
94
332
278
406
656
335
103
176
104
80
71
54
131
177
253
277
59
401
196
70
630
83
107
124
105
76
97
296
318
0
165
1
0
89
126
167
239
2
313
269
214
495
301
90
234
403
92
256
73
145
100
684
88
114
62
104
229
1
55
168
193
93
0
344
87
105
147
23
111
152
249
212
221
237
497
86
91
111
75
148
339
490
176
142
17
77
63
112
182
126
122
91
125
185
0
1
141
119
124
74
191
0
14
117
88
111
108
0
73
149
100
290
88
72
87
102
145
108
95
116
744
403
130
113
540
69
97
65
96
252
94
490
243
84
286
443
95
378
110
124
243
183
114
57
157
0
1522
246
145
546
88
73
113
467
101
134
106
2293
58
549
0
75
219
100
344
171
78
5
242
204
198
324
380
153
77
60
138
78
59
1380
132
504
95
186
164
470
195
87
135
199
79
271
244
92
291
583
91
116
392
138
121
36
84
145
211
142
139
88
59
168
146
152
54
214
85
74
85
93
87
148
116
280
239
85
455
93
288
104
232
77
26
212
69
72
97
184
251
139
59
79
147
68
121
287
139
120
0
165
405
115
253
116
445
150
276
528
133
396
223
102
81
309
125
41
73
150
82
172
131
75
178
229
127
128
187
45
582
144
71
99
113
2
134
75
111
294
85
0
104
88
84
126
461
382
689
83
189
169
123
0
93
1611
1
1
119
2
64
5
3
115
217
82
0
83
0
121
578
105
288
2
99
110
161
239
76
146
120
313
185
96
164
154
231
96
90
155
4
269
70
35
184
137
295
85
3
530
111
79
94
116
74
0
110
133
626
140
257
110
93
150
26
87
225
75
687
1913
71
250
194
37
80
87
2
105
117
701
77
124
92
0
133
75
189
75
300
6
290
85
104
77
2
104
217
315
281
191
0
183
120
320
6
122
191
138
94
0
174
100
178
0
54
192
536
136
0
98
442
185
105
205
91
82
10
62
183
356
88
0
177
739
102
173
120
54
127
167
8
193
0
133
108
93
75
37
80
188
100
176
4
124
160
244
0
1
68
100
417
310
85
471
89
61
162
156
95
91
128
64
184
120
0
157
106
0
0
66
196
293
87
86
253
91
229
176
81
158
0
153
111
102
457
175
144
134
97
82
251
533
114
151
64
102
454
141
146
563
108
270
0
102
292
51
186
97
263
31
88
67
410
43
137
2
93
212
0
98
102
61
87
85
187
206
69
67
174
1
115
73
111
192
183
219
61
145
526
517
139
91
89
345
64
140
212
59
90
124
69
72
68
459
115
241
61
229
97
80
67
665
127
454
121
156
149
103
260
817
137
89
125
113
169
8
230
128
387
56
118
90
109
99
225
58
100
41
272
504
79
268
164
140
179
53
99
0
0
286
289
106
92
182
113
2
0
117
188
755
82
174
187
1
98
371
420
134
364
179
114
9
213
144
74
69
218
363
252
82
3
95
57
451
96
3564
297
206
35
0
372
128
140
47
0
68
111
89
210
141
19
105
0
167
69
171
40
112
221
3
122
86
74
76
113
208
81
146
64
0
194
101
156
0
224
68
317
0
120
163
178
76
289
85
97
177
363
200
112
2
0
188
28
0
228
352
76
159
134
107
64
89
93
90
54
154
95
822
118
62
81
88
72
0
105
115
73
194
169
132
60
163
140
141
100
114
1114
113
259
73
284
85
291
117
232
70
1006
62
131
0
223
95
116
20
237
157
153
83
115
154
0
63
362
0
79
111
247
122
78
265
17
128
58
195
373
107
98
166
149
299
259
109
299
259
295
94
137
249
64
133
3159
99
136
0
93
57
0
102
120
74
0
143
83
135
74
247
96
0
181
98
103
118
38
85
83
110
237
0
85
29
144
172
228
455
94
360
84
36
95
629
174
76
114
162
0
177
80
116
9
127
98
93
380
91
117
125
146
62
319
79
344
75
93
1
79
450
84
0
197
93
253
7
79
4
186
171
109
84
0
66
93
87
1
6
247
77
13
540
223
102
77
632
0
77
135
3
157
1
115
0
193
143
127
1
88
105
81
66
242
0
0
29
225
89
165
283
98
144
0
23
201
180
1
616
0
78
0
59
176
126
293
113
150
110
110
160
116
0
226
378
94
184
19
114
0
665
135
111
99
286
130
282
0
236
102
0
125
5
173
142
1
2
40
92
147
117
60
335
142
302
28
210
91
662
0
0
109
0
138
12
157
78
0
170
122
274
98
245
99
4
73
68
86
82
1
30
471
85
199
91
69
706
123
95
53
334
178
186
166
228
150
74
119
162
350
120
111
82
91
118
202
56
152
36
74
117
191
186
354
208
382
97
206
18
372
107
75
740
118
270
3
101
91
172
94
107
44
0
156
3
151
105
1767
168
98
79
129
223
130
394
76
306
2
110
1
380
208
184
57
101
537
0
101
81
95
108
0
62
0
166
59
80
65
144
149
70
72
83
143
0
310
4
103
185
186
235
61
397
180
123
140
80
115
69
167
92
135
178
187
1
83
96
182
61
122
72
135
0
106
101
65
202
438
72
78
553
402
16
353
81
71
92
69
65
234
37
792
1308
128
111
4
35
156
114
106
190
109
81
87
113
213
45
133
1
144
87
82
236
0
102
84
158
120
66
103
64
56
179
108
192
47
275
1
101
181
243
72
112
1
109
203
136
112
214
146
0
113
0
250
124
76
92
188
110
232
155
105
78
91
175
153
212
501
111
332
58
105
164
66
83
245
355
210
149
0
399
90
77
404
181
157
109
326
0
188
47
114
275
41
2
524
97
87
0
80
0
99
151
174
75
138
121
430
345
86
0
106
90
236
148
360
66
5
253
2271
71
80
246
99
163
232
82
114
107
524
82
63
50
170
205
401
1818
74
0
148
76
151
66
86
328
96
121
176
123
298
191
230
99
203
274
77
239
117
130
0
243
678
131
171
98
381
78
161
77
95
78
104
75
88
80
78
29
125
80
101
111
137
112
143
0
89
189
64
79
2
202
86
85
116
180
31
63
9
377
120
78
119
0
128
92
331
87
150
64
271
141
113
123
460
0
121
151
174
0
170
1
145
32
102
19
245
6
365
86
401
74
0
94
26
68
75
55
90
160
1
65
171
69
73
115
248
90
152
70
133
0
183
109
57
108
89
96
197
132
447
74
185
165
134
388
100
89
161
138
0
166
344
0
77
89
110
1
84
60
222
84
286
84
140
80
89
92
148
207
102
164
110
54
131
148
193
0
151
84
77
117
64
9
114
302
429
138
215
127
94
62
115
101
90
78
205
74
119
0
190
121
141
2
69
37
89
73
149
190
218
83
130
360
0
137
145
86
78
156
196
71
219
2
95
70
107
134
95
111
88
181
127
297
251
210
70
372
114
183
74
207
213
453
119
117
392
386
218
1388
217
274
227
158
64
194
70
177
111
165
115
0
137
0
145
137
210
61
172
116
316
125
75
60
94
130
70
136
238
162
320
92
80
138
120
96
133
92
101
463
173
48
257
0
0
129
169
269
88
0
35
158
171
114
95
212
166
195
97
168
125
67
23
188
55
135
485
86
29
183
91
74
88
74
258
369
351
83
141
75
312
106
141
153
219
482
96
3
0
147
218
1573
283
305
75
98
81
5
938
104
0
232
100
75
66
105
117
78
88
116
0
72
258
79
126
187
103
258
77
0
151
366
85
98
0
284
66
143
129
2
78
0
144
12
102
110
156
97
326
120
98
0
0
0
88
337
95
161
66
126
165
0
132
79
193
78
225
316
119
39
114
100
97
88
145
138
73
193
54
315
78
0
122
257
202
157
24
85
66
73
98
75
115
90
106
251
33
1
64
140
0
101
138
199
164
174
58
139
101
94
113
116
50
102
335
286
216
220
4
119
179
0
132
67
1
113
39
141
274
127
542
101
0
116
153
195
153
45
119
0
66
113
105
121
327
0
166
0
0
48
172
446
132
390
73
93
77
166
104
114
133
117
150
248
423
169
85
36
4
105
144
62
13
146
70
99
361
134
14
86
93
87
0
111
225
132
21
74
13
56
118
117
202
171
0
107
68
58
185
97
709
95
163
103
81
145
61
129
68
90
76
156
147
131
80
106
79
175
0
124
107
152
85
0
139
0
310
38
80
75
84
103
74
1
68
67
0
199
84
65
76
8
212
178
271
86
143
100
105
312
94
7
66
100
0
126
86
64
0
100
99
0
79
89
96
370
64
2
98
1
13
159
109
204
1
86
150
109
105
0
166
28
105
86
0
382
186
144
14
40
64
120
478
78
196
71
0
57
90
472
95
21
317
96
112
1
145
87
51
177
159
80
95
74
110
69
0
477
0
212
103
251
155
161
120
237
0
5
143
123
642
267
60
110
8
110
165
86
74
0
33
142
82
66
67
71
330
48
1
123
76
78
225
157
315
68
78
99
70
124
99
1
287
6
144
3
144
73
98
92
124
2
155
24
138
151
142
6
211
75
7
112
228
204
141
103
92
191
337
89
73
90
33
65
78
66
155
0
155
84
97
14
104
79
72
82
90
0
131
133
182
87
0
11
17
374
123
179
100
194
91
22
174
90
1
75
72
73
94
173
0
62
99
64
79
6
187
2
166
84
101
134
0
156
90
107
142
334
89
157
68
117
138
0
7
34
0
125
82
151
73
89
17
65
117
223
47
0
66
35
240
109
0
7
86
108
215
81
116
64
122
82
349
294
133
54
231
1
163
150
110
58
208
112
196
53
134
78
115
299
0
0
101
54
0
60
152
249
117
82
111
135
88
135
4
67
134
182
68
102
69
471
79
101
480
161
0
174
82
215
35
82
9
78
63
77
410
74
355
0
118
225
163
159
93
72
82
74
68
178
187
2
101
1
373
80
153
136
102
141
46
39
42
52
1
97
108
135
183
125
427
123
67
1
116
374
8
70
288
1
155
177
163
128
153
137
172
425
204
95
84
215
126
37
72
44
113
443
87
92
186
76
90
1
73
126
102
100
228
82
147
183
0
71
90
76
4
110
2
88
105
4
54
80
149
205
403
297
78
191
259
78
93
76
78
111
141
61
200
143
110
69
323
88
99
301
104
74
0
233
221
71
227
0
0
111
9
91
35
68
36
117
95
99
274
328
113
84
93
124
5
108
72
204
103
96
273
98
0
108
140
489
177
77
104
91
68
84
0
232
120
122
0
88
90
79
69
29
1
34
43
120
106
85
0
150
431
88
490
0
75
42
214
106
83
102
86
92
204
86
78
244
78
7
157
154
76
90
57
68
249
93
82
39
74
66
0
132
64
60
196
4
69
81
282
153
73
1
185
160
189
141
5
163
73
108
127
128
6
63
77
75
169
273
138
0
0
1
179
0
82
97
79
53
71
25
204
1
141
108
0
72
138
59
63
128
0
79
69
80
114
129
60
0
90
61
111
75
0
78
213
609
231
94
188
78
149
0
168
0
87
86
82
100
72
90
64
27
21
94
0
39
136
69
0
95
74
145
52
124
100
272
0
84
49
0
115
105
0
160
208
150
30
0
87
109
176
88
104
93
92
149
77
5
12
76
130
82
79
150
0
37
69
0
49
130
34
112
80
161
98
2
0
76
143
62
186
77
0
73
2
76
68
0
85
167
0
88
84
0
0
19
123
226
84
84
0
169
185
50
0
143
124
0
16
64
0
48
222
152
70
95
212
1
194
65
0
86
256
0
124
256
75
11
85
66
204
76
0
325
0
282
135
196
88
0
78
169
135
0
116
56
84
255
108
115
63
108
71
96
110
62
31
0
87
83
0
8
104
82
98
152
70
73
1
130
133
0
71
136
173
79
138
364
210
73
149
1
0
188
51
54
73
370
71
65
115
60
52
84
18
240
96
92
49
296
19
80
145
85
64
0
96
66
89
77
8
144
109
77
96
82
92
458
93
1
82
73
0
153
110
0
70
0
3
77
68
0
66
57
106
189
5
230
74
0
108
121
88
104
64
219
12
318
83
117
144
183
76
76
49
105
144
84
75
90
77
3
78
65
63
79
2
1
85
75
52
80
150
105
260
86
0
116
150
75
287
73
84
0
117
30
96
0
111
72
139
0
104
163
115
75
1
0
172
67
868
18
277
77
127
82
144
113
105
95
92
60
91
144
93
102
72
452
125
109
43
73
1
0
112
0
16
250
17
78
118
107
253
281
57
1184
304
98
132
96
53
106
85
47
2
109
0
98
141
61
131
205
152
121
118
4
0
297
204
73
108
12
139
112
1
80
72
96
182
127
0
96
81
81
45
1
119
158
170
85
0
84
0
0
231
78
124
119
119
59
1
123
3
155
101
79
142
0
79
77
147
100
148
26
5
140
12
78
96
94
136
64
0
79
110
47
0
86
142
35
3
62
0
124
1
179
174
72
170
193
75
2
195
58
143
98
102
67
234
90
0
82
1
79
107
0
94
0
161
106
146
0
135
3
68
91
1
26
89
104
105
156
80
127
96
116
87
129
33
100
131
65
0
92
0
187
110
330
0
129
95
113
151
133
67
224
0
115
100
0
38
141
76
134
33
4
76
94
130
899
81
78
63
205
114
56
69
64
184
85
101
1
0
83
53
110
97
52
80
94
128
62
149
18
115
88
105
39
273
0
1
117
75
125
115
179
2338
62
72
158
0
86
72
76
88
1
0
0
74
0
0
281
184
119
306
146
54
75
0
131
15
74
0
108
77
89
157
0
125
71
129
83
116
0
0
656
155
42
102
155
112
1
81
73
80
0
205
121
108
91
54
67
96
72
55
78
70
72
163
140
131
106
108
138
139
171
1204
683
2
2
12324
112
0
133
3
214
51
2
108
96
80
51
68
84
100
61
228
79
68
93
0
75
94
47
13
39
41
300
117
443
0
138
55
72
141
112
0
0
73
1
208
99
243
103
90
0
0
0
76
62
101
80
358
123
172
119
92
24
95
89
122
134
56
7
75
52
0
108
38
0
64
0
85
27
120
150
84
70
293
387
135
96
0
480
19
101
1
159
0
75
79
55
61
183
79
112
4
77
82
88
0
38
152
1
0
73
0
97
120
163
54
133
282
71
128
60
0
133
73
0
0
91
0
101
87
126
83
351
0
65
136
98
99
188
64
43
37
98
105
179
316
80
112
67
33
91
66
92
0
70
84
0
89
75
518
69
114
91
87
90
78
137
17
68
59
62
49
103
62
95
96
68
210
160
16
69
79
91
115
0
211
110
99
72
108
239
0
51
101
28
157
0
85
266
108
155
101
77
112
135
90
136
83
249
113
118
92
121
106
66
96
116
0
69
62
185
153
140
119
69
146
166
0
193
492
78
120
151
64
99
41
91
66
78
73
138
149
390
73
205
0
110
79
139
132
124
1
84
47
10
92
390
85
102
87
77
111
296
178
165
2458
0
7
45
64
0
127
94
1
96
105
293
75
119
48
74
98
142
88
72
0
83
0
95
122
47
1
15
106
18
79
91
27
97
0
324
0
2
150
65
100
125
90
0
1
71
5
17
75
77
115
205
60
151
115
3
99
91
46
90
6
66
111
64
96
90
120
76
98
0
0
0
0
132
94
0
185
160
77
102
91
1
2
218
90
80
256
79
157
84
0
22
112
79
0
211
103
0
217
0
74
84
182
187
76
9
72
1
73
112
120
1
113
0
105
0
136
7
0
207
32
335
86
116
819
688
675
0
74
94
1
138
69
173
82
71
186
0
108
79
37
175
115
1
100
80
63
0
84
98
0
0
209
66
84
125
92
105
127
71
87
122
129
94
0
86
164
85
52
58
111
80
377
98
106
92
155
103
67
74
57
81
59
75
14
62
210
1
99
505
188
181
43
100
87
75
167
161
313
124
7
9
89
145
82
33
43
58
9
270
146
72
0
153
174
3
387
80
0
7
70
95
21
134
155
128
0
121
116
151
48
0
69
202
30
84
0
758
276
27
344
0
30
10
0
231
135
9
2
107
189
81
73
76
250
0
145
57
113
160
65
85
0
98
1
130
105
94
236
0
148
88
201
148
66
78
133
83
14
55
68
127
138
74
99
85
95
0
0
73
1
68
97
0
29
157
120
2
83
30
60
54
1
0
87
66
0
73
77
80
75
0
166
242
104
88
4
67
80
124
54
13
216
88
190
0
0
190
62
1
101
219
42
124
72
2
121
107
0
92
109
108
1
91
220
68
518
74
135
217
67
122
38
371
121
1
73
80
151
153
227
56
48
148
0
0
0
130
117
254
108
0
72
159
136
147
188
0
79
159
94
0
23
59
228
0
78
61
79
84
79
3
2
84
155
0
275
1
102
0
0
84
0
74
154
2
129
79
150
3
117
142
6
139
0
622
5
0
83
74
63
131
85
1
73
6
2
0
66
269
137
0
92
66
133
220
224
122
0
234
0
144
151
155
102
158
68
174
106
87
141
2
139
75
104
1
16
79
0
161
2
0
108
70
0
691
88
136
0
84
3
76
141
81
77
78
119
97
0
0
83
186
0
193
75
84
142
1100
137
124
83
89
0
99
89
6
129
80
106
0
75
80
0
13
84
101
107
51
135
2
102
87
125
0
122
0
144
84
95
57
58
103
101
80
92
24
100
104
0
2
70
1
45
30
189
1
172
285
66
118
75
155
64
76
254
0
286
18
310
83
109
93
96
123
87
56
66
80
93
88
86
77
114
111
0
84
46
257
305
141
0
77
0
96
13
55
193
128
0
73
0
91
0
90
90
91
120
0
145
1
0
43
74
309
80
0
8
133
61
155
113
2
97
122
68
2
201
268
28
78
90
78
5
81
47
103
57
178
185
65
79
0
0
207
88
83
0
0
86
81
129
18
119
101
129
96
59
59
169
2
70
87
1
84
88
160
86
62
112
0
0
3
118
51
422
207
63
151
167
79
16
83
74
137
0
257
111
119
68
0
189
63
82
56
0
119
3
60
0
77
352
57
148
233
0
9
133
74
74
17
113
65
123
0
190
161
183
93
0
120
832
117
67
109
98
38
81
77
0
1
114
115
58
131
56
69
57
65
67
82
1
15
154
53
64
96
291
0
119
181
86
71
15
0
0
211
94
110
31
69
105
121
82
73
0
108
73
294
283
70
1
116
99
3
200
83
55
60
68
50
0
167
73
41
0
83
41
0
72
153
42
83
272
98
21
72
2
48
90
119
50
1
63
88
62
131
79
371
85
299
76
10
92
35
1
78
254
226
1
0
107
85
0
104
92
89
63
1
0
0
92
358
126
98
110
67
1
80
2
0
105
1
43
43
0
102
47
81
88
89
40
56
41
194
0
231
0
202
314
32
1
424
134
93
0
174
76
0
83
101
1
13
87
109
96
161
199
5
80
174
179
194
0
68
107
76
167
93
147
101
70
126
71
98
123
95
387
1
73
0
0
45
59
145
97
1
1
0
0
80
243
71
0
100
0
120
0
356
0
107
153
102
79
0
69
76
70
0
214
69
0
106
0
76
88
0
1
153
9
75
0
132
0
0
0
30
78
83
0
0
88
162
28
118
245
111
9
68
72
71
2
7
5
66
94
0
0
114
0
61
2
183
145
0
121
90
28
237
7
184
3
63
12
1
91
87
133
71
156
72
2
0
83
69
101
85
173
0
63
77
50
3
0
69
92
124
0
1
316
442
93
0
3
0
130
2
3
149
61
156
0
83
356
82
123
125
0
0
23
1
69
0
75
0
102
68
0
72
76
70
0
0
8
94
99
70
72
13
0
172
325
81
1
77
1
0
92
0
37
101
39
71
2
84
0
109
147
1
2
409
0
0
79
87
79
86
57
75
0
1
73
1514
93
99
317
110
26
79
74
6
29
41
116
73
69
75
196
1
133
84
0
70
164
110
113
73
140
65
108
0
179
0
7
3
67
151
21
0
76
0
0
89
149
208
184
195
12
5
3
123
958
170
0
1
0
3
79
156
75
0
330
138
301
151
75
244
0
66
77
0
0
25
21
47
45
1
151
84
4
112
76
211
165
0
1
83
0
118
67
31
164
182
74
256
86
1
79
129
82
0
127
60
12
0
0
0
0
0
203
0
123
80
155
0
108
71
69
0
4
68
0
26
70
55
0
174
71
0
102
115
0
91
67
295
91
77
75
96
0
81
77
193
35
139
72
0
1
0
57
6
50
0
107
50
5
315
75
11
122
131
1
158
96
360
74
134
79
4
0
72
77
90
99
75
10
91
0
130
245
81
6
84
78
58
60
102
0
28
71
3
62
3
3
90
0
0
106
1
0
5
0
92
46
91
0
23
143
1
62
71
16
123
74
59
179
0
66
100
184
311
14
1
111
0
9
0
0
1
0
155
3
76
1
54
70
67
0
86
0
73
66
0
43
0
82
147
97
67
66
62
1
108
9
81
4
65
0
1
81
1
83
0
0
97
1
0
118
82
1
58
78
51
78
49
538
0
2
94
10
107
0
1
88
0
0
102
64
0
74
69
98
0
0
94
156
0
87
69
0
0
165
122
745
0
350
232
94
88
101
82
246
75
983
542
0
145
77
97
223
7
54
113
0
116
84
8
6
146
1149
298
841
141
114
76
111
146
2
113
0
71
0
178
165
90
132
78
0
175
64
79
33
183
112
120
0
70
159
0
62
0
61
0
1
376
122
2
21
1383
67
57
234
79
111
65
69
93
76
0
3279
2
9
51
0
73
31
72
0
2
73
176
106
82
3
0
172
62
85
48
115
3495
58
0
84
102
0
0
67
49
114
71
107
66
4
32
72
149
64
90
75
21
1
111
88
0
58
69
97
0
0
0
74
75
29
111
0
96
0
5
99
75
92
0
51
35
74
89
0
78
52
1
155
80
80
82
3996
1
135
173
7
177
456
999
61
98
66
36
114
0
0
124
81
68
63
0
0
0
0
0
39
62
56
24
0
74
81
0
109
2
21
182
73
29
7
3
69
2
0
82
273
56
0
74
173
1
59
49
7
81
136
2
105
0
46
45
93
0
84
60
179
73
143
201
0
268
0
78
209
109
62
0
56
0
12
11
186
0
45
112
81
1
0
73
152
257
70
0
70
157
38
0
108
2
0
2
91
78
86
81
72
3
4
103
120
83
82
0
41
84
165
56
255
99
141
91
118
0
102
6
161
103
164
125
125
64
109
90
51
0
4
56
525
128
71
90
0
95
78
0
171
5
105
44
0
82
25
0
125
48
69
0
92
0
277
0
2
83
68
72
0
180
84
1
4
65
1
87
71
88
79
41
45
8
1
57
63
62
0
102
0
0
15
70
91
80
67
39
98
12
62
43
0
95
152
89
104
70
2
162
0
59
4
0
25
53
92
154
51
0
3
74
71
76
0
104
140
0
101
76
140
0
70
1
38
48
0
47
119
656
103
99
64
55
118
78
1
0
176
134
79
72
175
102
75
148
0
366
0
0
89
135
20
96
113
21
47
81
56
98
392
0
1
18
84
1
0
85
0
144
13
142
5
68
61
93
86
84
19
62
1
0
87
59
61
107
0
45
40
82
77
36
80
61
73
2
66
0
121
65
2
91
99
176
154
0
4
9
49
68
101
0
44
61
317
45
64
5
0
0
1
87
2
85
61
0
130
0
122
2650
0
85
1
83
0
263
100
0
90
215
0
0
0
0
95
65
1145
146
76
1
58
0
3
0
170
0
89
75
1
0
0
54
86
892
0
64
4
65
5
97
83
53
0
93
101
8
110
113
96
114
1
9
0
0
4
60
41
0
0
0
0
79
77
77
60
53
72
99
76
116
66
181
1
0
55
115
0
66
2
5
43
75
0
87
192
0
6
0
35
0
79
135
67
51
46
0
103
90
92
48
91
89
112
68
156
52
1
89
65
36
2
105
41
160
91
102
70
75
266
71
55
72
168
81
2
43
6
0
0
203
0
0
0
124
1
13
28
231
0
16
114
0
12
58
64
0
1
105
73
1
0
90
0
0
125
103
0
73
0
75
0
76
11
65
0
0
110
3
0
1
181
79
20
142
113
0
0
12
0
32
91
1
0
75
87
63
65
3
101
0
0
0
0
4
199
0
70
94
0
10
47
182
88
68
532
144
0
115
89
82
345
4
210
0
93
48
84
0
0
29
8
39
1358
86
0
75
27
104
17
0
0
214
0
87
129
33
103
124
0
96
213
91
5
0
0
85
92
0
104
41
269
0
77
2
80
0
81
147
236
79
7
100
102
28
0
114
27
2
39
0
87
107
126
81
607
0
0
65
0
91
93
0
33
3
0
4
0
85
189
82
0
72
20
0
81
2
102
110
0
57
60
2
0
0
102
0
49
218
244
132
106
0
0
207
108
0
37
1
236
70
68
0
14
51
81
170
50
0
0
1
2
9
34
40
79
0
104
0
618
0
184
0
8
101
105
2
348
47
0
76
35
4
77
101
81
0
0
387
90
0
18
2
104
0
118
79
0
92
25
0
0
0
2
63
145
237
11
0
79
59
75
50
2
89
169
82
62
37
108
227
103
0
83
0
0
679
346
66
97
36
146
0
65
78
0
1
69
259
409
40
73
1
91
89
0
700
128
0
200
1396
133
0
81
67
0
4
0
15
85
215
0
4710
0
692
3
0
55
0
94
986
20
102
186
2
0
0
125
0
80
36
68
216
3
73
93
90
2
76
85
146
103
0
82
179
119
0
0
44
0
35
4
4
96
70
0
65
0
98
0
0
0
0
86
0
134
0
0
26
103
20
4
17
0
6
29
27
0
3
1
75
480
272
0
45
44
0
42
57
0
97
109
33
1
360
94
0
332
52
15
4
0
97
0
1
73
0
90
0
51
15
291
0
91
0
0
32
23
172
6
0
266
66
6
73
0
139
93
0
122
73
759
0
0
78
19
0
122
149
1
0
105
1
73
193
373
78
1
360
97
0
0
53
1
0
0
134
2
38
124
100
3
18
39
0
254
0
0
0
52
258
0
0
0
0
188
1
59
82
0
9
0
0
0
108
0
4
1
0
1
0
138
9
1
94
3
14
0
0
102
171
0
81
178
105
1
65
0
4
50
31
206
0
123
0
0
0
35
0
98
1
0
988
0
268
0
0
5
311
162
47
90
92
0
0
0
225
0
160
0
1
71
0
0
0
0
0
122
120
111
82
89
893
194
0
597
12
10
0
0
0
0
49
201
77
10
219
120
71
84
4
88
102
0
0
0
0
1
0
83
2
100
172
308
161
0
79
0
21
161
103
134
101
3
81
68
154
98
11362
0
0
151
0
0
0
7
0
90
152
83
108
116
0
89
585
93
470
0
41
143
1
566
140
0
348
0
168
0
34
18
0
0
65
122
0
33
0
34
123
113
0
64
0
21
5
9
332
96
14
0
8
38
103
0
127
76
0
118
2
152
73
81
77
81
9
0
0
97
0
0
3781
0
236
0
0
0
4
4
0
5
0
467
0
0
0
3
0
116
0
144
0
8
78
12
97
0
187
33
1
101
187
97
0
99
139
0
0
0
67
0
395
1
29
68
2374
0
108
9
412
0
141
67
103
116
88
93
0
16
77
75
0
204
0
166
0
147
345
76
0
0
82
146
0
74
496
167
1
107
0
0
0
580
26
4
0
5
0
202
136
2
294
0
233
0
102
86
0
82
258
1
71
0
0
0
5
0
110
3626
0
87
0
1
0
80
0
1
89
0
0
0
3
0
1
81
89
0
96
98
89
1
0
214
0
112
5
309
1346
0
0
82
2
0
0
1
0
65
108
0
127
5
155
0
0
96
243
0
170
637
0
277
287
0
337
503
0
73
246
2
0
77
261
210
60
2233
154
978
86
1
83
114
181
0
0
149
186
81
0
9
115
0
0
0
405
86
0
102
4
0
0
0
91
91
156
0
110
0
0
0
1892
1
3527
74
5
1107
118
100
0
0
159
11
2
0
73
93
108
84
0
239
158
372
0
61
0
0
0
990
171
0
0
171
123
0
83
190
296
37
165
257
94
0
515
0
123
0
6
1
687
0
0
6
1976
7
81
158
0
0
0
0
0
0
92
463
0
0
318
6
0
11
0
78
111
806
7
48
96
363
3
490
0
133
0
82
0
136
107
78
528
15
83
0
754
120
113
167
526
90
104
93
0
5
0
156
0
0
111
5
77
0
2
127
0
151
9
2
117
71
155
0
1
0
0
404
0
0
6848
1
0
0
4
193
0
4
192
0
0
80
0
0
2776
0
91
87
6
109
87
842
76
560
0
0
105
0
125
0
84
0
154
0
159
151
139
0
125
0
4
71
122
90
0
78
120
98
225
265
6
230
0
0
1
0
