9611.192771084337
332176.14285714284
39889.25454545455
555134.5
13268.278787878788
22670.153846153848
115705.73684210527
223907.0
205774.875
953298.0
174882.07692307694
1045632.5
184747.7
99940.5
188200.22222222222
26807.5
1561990.0
73262.06896551725
152379.7142857143
30108.82051282051
107111.875
231142.4
20252.956896551725
12014.02538071066
168557.0909090909
51295.525
28969.2125
78829.0
283648.75
320572.1666666667
103559.23809523809
19750.82786885246
293843.0
142279.0
713388.0
426909.0
206348.9
4.0
133729.11111111112
4727.283464566929
9437.724
25418.174418604653
116579.91666666667
15004.630573248407
210549.14285714287
55238.95121951219
196880.42857142858
57824.333333333336
105210.0
132180.58823529413
5431.6953125
180729.27272727274
164715.84615384616
31892.319444444445
9148.685258964144
14649.10909090909
505491.5
74684.6551724138
24731.290322580644
406071.0
295484.6666666667
78317.27586206897
3789.7653429602888
89777.76923076923
685640.0
151512.76923076922
81899.68965517242
129130.76470588235
42785.5
227640.4
261101.75
186765.57142857142
663063.6666666666
22717.18
297427.0
171296.53846153847
16524.228346456694
6903.548104956269
5.0
170320.41666666666
398812.5
754428.0
111311.88235294117
12137.518134715026
122963.16666666667
20615.84347826087
1823.6784888203547
736268.0
346998.0
175655.18181818182
20229.803418803418
118233.0625
85653.31818181818
512683.25
135400.6923076923
16558.253424657534
12384.302564102563
107280.72727272728
294275.28571428574
11721.209756097562
108587.0
570912.0
86089.95454545454
541564.3333333334
25173.59375
37717.56451612903
1155809.0
79282.09090909091
255447.875
29565.272727272728
339035.0
366800.2
515833.0
27523.931034482757
84827.86956521739
3445.288209606987
367844.8
-15715.0
77279.88888888889
257065.33333333334
25519.130434782608
468307.5
360951.6666666667
382708.25
47844.756097560974
611592.0
57263.75675675676
977856.0
399321.0
668157.0
6564.355742296919
433598.8
228555.33333333334
22149.64814814815
543105.0
25533.0
236085.375
69924.44
482550.0
8640.781362007168
184631.4
297371.1666666667
724178.0
91855.04347826086
23832.453608247422
229059.0
64730.6
243578.8
13297.402234636871
556893.3333333334
19812.235294117647
164715.0
132988.18181818182
118867.2
694609.0
1018274.0
214539.3
29107.115384615383
271953.6
119195.44444444444
28854.777777777777
164779.92307692306
23683.484536082473
116852.4
27834.185185185186
38043.17857142857
86429.29411764706
635830.0
120864.28571428571
28827.280487804877
228615.6
5248.174496644296
29833.456790123455
160842.5
310457.5
43748.89473684211
24355.09375
19477.0826446281
56941.230769230766
292856.75
92459.52173913043
1335.0
28448.296296296296
124175.76923076923
126311.8
643829.6666666666
843871.0
1403158.0
50522.153846153844
46656.36
420670.6666666667
162095.5
30145.26923076923
159515.63636363635
81128.72413793103
137790.66666666666
49708.255319148935
195804.5
21740.6261682243
148835.25
120390.44444444444
204962.33333333334
22239.416666666668
110732.33333333333
587684.0
161364.7
289036.375
65314.583333333336
24865.175824175825
145687.0
19714.615384615383
519767.0
108595.75
925637.5
25024.35714285714
296515.5
344903.8333333333
334479.0
342636.5
332279.5
24945.7311827957
232957.7
287195.71428571426
523751.0
2679.012048192771
280977.85714285716
405367.6666666667
439883.0
145770.5
162421.9090909091
175659.22222222222
2.0
17858.696
13324.880952380952
226095.0
153000.8
196346.81818181818
110990.35294117648
242895.5
11374.5175879397
301134.0
30085.063291139242
14418.530487804877
86379.74074074074
185428.14285714287
56574.41025641026
16494.95890410959
98917.23076923077
444346.4
53226.3125
6884.696275071633
2063033.0
396614.0
15709.28
474783.5
146895.2142857143
119325.05555555556
79737.08333333333
705191.0
52999.86666666667
262223.375
369063.5
110539.4375
150635.25
147519.75
3132.3375
59869.94871794872
26350.0
1277093.0
62131.666666666664
7558.946372239748
16407.791666666668
376466.3333333333
303008.14285714284
625024.5
97153.77272727272
349710.5
362779.75
109809.05263157895
355583.25
22757.037735849055
224806.8
54969.28571428572
88175.44444444444
512302.25
25996.758620689656
191795.83333333334
34280.0
20241.941176470587
943029.0
22614.552083333332
15957.920529801324
23932.042105263157
21616.770642201835
150251.5
120397.5
2809.251497005988
18247.780487804877
183330.5
69887.0625
1096735.0
61279.89189189189
95091.36
570349.0
69735.64516129032
419482.5
285582.0
72563.33333333333
92700.39130434782
1746970.0
19657.84297520661
-39523.0
20500.405405405407
385989.25
654199.0
14208.573170731708
594767.5
99436.65217391304
17775.295454545456
321797.0
0.0
27684.22891566265
179951.83333333334
9573.473684210527
11881.88944723618
56478.0
211721.66666666666
93532.34782608696
20289.17391304348
203523.6
16623.17931034483
254812.875
314632.3333333333
516895.75
110149.0
1313509.0
476695.0
127052.5
859494.0
1727.0
22928.466019417476
786532.0
503424.5
26039.153846153848
25165.68888888889
15080.377483443708
32482.0
23833.552083333332
25792.641304347828
2473.7955742887248
915756.0
11644.610837438424
61539.41025641026
57907.1724137931
332802.28571428574
101730.77272727272
51090.21951219512
171538.7
270382.6
22089.63725490196
776904.0
67221.81818181818
133155.93333333332
129363.375
288462.0
31293.097222222223
25839.735632183907
218957.5
108969.3
22891.375
272059.5
22334.742857142857
28523.14457831325
1641704.0
25349.287234042553
22028.216981132075
189924.88888888888
69950.3870967742
27800.8488372093
187367.33333333334
31268.23611111111
274827.5
372159.6
21518.23214285714
118921.15789473684
20459.228813559323
155693.57142857142
71946.85714285714
178247.83333333334
124596.375
292130.0
11628.39896373057
21682.072727272727
145823.5
774497.0
17710.739837398374
1406083.0
222389.66666666666
19821.277310924368
1103.0
953287.5
28939.7
1418828.0
203574.54545454544
152272.25
12653.26582278481
19076.333333333332
25465.2688172043
51959.41463414634
101035.0
1113865.0
63789.583333333336
905559.0
258305.125
98568.63157894737
278555.625
32753.739130434784
282700.5
62385.77777777778
23244.808510638297
96568.31818181818
204904.5
14461.39263803681
1284077.0
118102.21052631579
490157.25
99360.75
391746.5
286698.0
264252.125
248863.0
47978.86363636364
157155.6923076923
86550.69230769231
162168.72727272726
19405.87603305785
140347.0625
204370.66666666666
152469.0
128866.4705882353
480002.0
235329.57142857142
711108.0
740355.5
150659.75
155533.86666666667
171078.7142857143
6242.063888888889
52235.40909090909
39241.5
328490.2
340765.0
55182.48717948718
1030848.0
28690.301369863013
101039.90476190476
249762.57142857142
302186.5714285714
340116.2
2856.9318996415773
21678.647058823528
1303194.0
252387.33333333334
18889.0
32074.783783783783
18549.084615384614
2008614.0
22417.80188679245
1367927.0
36739.765625
269610.14285714284
79744.08
11666.160621761657
18940.032608695652
100498.42857142857
83966.92857142857
43471.230769230766
18349.09756097561
395494.0
20194.8
21681.579439252335
1503613.0
23985.510416666668
127289.23529411765
24394.59375
17181.48818897638
229320.25
34241.34782608696
25755.6091954023
151189.75
90474.59090909091
253084.0
55575.142857142855
177970.9090909091
116285.5294117647
185246.45454545456
24832.958333333332
158968.84615384616
11002.36170212766
20018.016666666666
204319.4
263018.5
340849.1666666667
47559.574468085106
1009502.5
7507.410774410774
111912.88235294117
227092.33333333334
202450.5
25502.097826086956
11088.824390243903
18441.6484375
17322.385185185187
90317.45454545454
197430.2
139365.33333333334
238225.8
10809.865470852017
24303.729166666668
318397.3333333333
31997.31506849315
11414.643902439024
12467.761658031088
516667.3333333333
697543.3333333334
22414.333333333332
283886.25
563437.0
185400.2857142857
207222.57142857142
234311.66666666666
279123.25
26506.362637362636
54544.023255813954
428923.0
85905.6
260232.0
9693.444444444445
12223.738219895287
148647.88888888888
204442.3
20474.739583333332
117991.2
104670.09090909091
220619.16666666666
22277.980952380953
173424.66666666666
43210.58823529412
146531.75
11052.38679245283
900336.0
-28051.0
36572.015625
88026.61904761905
71150.0
127523.33333333333
18076.401515151516
135660.0625
15214.037974683544
829773.0
19799.9
97698.39130434782
134894.3125
9941.756756756757
67879.29032258065
28655.01219512195
150626.57142857142
27704.941860465115
1387962.0
37175.109375
47270.40425531915
27587.0
1112690.5
66868.25714285714
5356.533783783784
33966.457627118645
191756.8
145635.375
216515.88888888888
188183.41666666666
166625.76923076922
22278.252427184467
187597.5
144992.76923076922
399326.75
1196112.0
57294.05882352941
317670.6666666667
1207585.0
14037.041666666666
172489.92307692306
242456.0
29675.342465753423
221841.5
15319.375
9469.086776859504
13191.27840909091
302193.0
26086.977777777778
22535.009708737864
26371.3595505618
571209.6666666666
414744.0
710888.0
30077.386666666665
23121.368932038837
26771.44318181818
2151.8837638376385
1365673.0
20546.67889908257
28725.24358974359
10736.232876712329
221768.57142857142
25334.54117647059
214187.5
18931.0564516129
13102.732954545454
167408.88888888888
21408.0
348863.0
191041.0
328376.2
46857.431818181816
18490.341666666667
6670.584375
191015.58333333334
742374.0
196767.0909090909
22719.601941747573
254333.375
246803.125
226342.75
14919.94701986755
8188.875
1794.253787878788
57584.333333333336
359049.3333333333
91281.23809523809
96928.0
14361.012422360249
1756396.0
792681.0
440401.5
201797.66666666666
18249.08
78359.75
129524.1875
311363.3333333333
36374.53846153846
236523.66666666666
20590.504424778763
17993.846153846152
24094.09411764706
369.0
300552.5714285714
21943.194444444445
336.2008329477094
42454.26666666667
102408.08695652174
113461.3125
417133.8
10758.0
57825.0
7158.072072072072
432231.6
506147.25
123128.5
321220.6666666667
126493.0625
137309.17647058822
14696.25925925926
113271.42105263157
37592.36666666667
16201.34965034965
236342.25
302035.2
156268.1
31286.364864864863
85454.0
662122.0
227951.7
691569.5
116437.2
360308.6
50240.75
10117.117924528302
232942.125
47282.36
107432.73684210527
341015.25
90990.0
33542.057971014496
16226.731034482758
24669.94680851064
235864.5
209495.81818181818
173117.0
2094320.0
17913.953846153847
15503.906040268457
52785.256410256414
105293.90909090909
56190.5
16972.82481751825
27506.012345679013
33082.916666666664
835694.5
224733.16666666666
11137.783653846154
218970.7142857143
159579.76923076922
301316.6666666667
19206.466019417476
12203.162303664922
63757.0
115019.44444444444
633808.0
131426.70588235295
108192.66666666667
187824.5
158439.42857142858
268044.0
382290.4
297052.6666666667
24900.775280898877
140499.9090909091
339966.75
131466.1
58634.45945945946
6031.875
14061.39263803681
59167.0
24081.620689655174
370074.5
536303.0
15587.020134228187
108247.35714285714
775132.0
74876.35
125946.0
23514.08080808081
178546.85714285713
9133.624031007752
118957.44444444444
33312.62686567164
135060.5625
1465972.0
29075.5625
30077.861538461537
232721.85714285713
236814.22222222222
27990.222222222223
227919.57142857142
18757.36974789916
14568.073619631901
256237.0
22364.0
22562.24761904762
156949.5
15146.135483870969
41649.92592592593
125256.1875
505384.5
92493.86363636363
430175.25
29035.51219512195
18920.435483870966
309069.4
21243.513513513513
12425.306451612903
197833.6
1410313.0
15787.795774647888
237732.75
28985.089743589742
23488.572916666668
18098.439024390245
496530.5
30357.816901408452
571859.0
24513.296703296703
4493.484496124031
646726.0
205532.0
138854.16666666666
992119.0
168447.35714285713
1125325.0
30334.025974025975
505494.5
67900.17142857143
27539.697674418603
824950.0
98346.77272727272
94958.70588235294
8295.89010989011
522911.3333333333
431539.0
112247.73333333334
94673.43478260869
22219.65
797955.5
195195.55555555556
126299.0
110129.5
2560.5236523652366
93770.83333333333
163036.11111111112
241861.55555555556
8147.688811188811
221168.2
39244.6
10.0
86282.92592592593
131539.7
29384.53164556962
45664.4375
2079.0
867376.5
25366.021739130436
6479.037267080746
54429.10526315789
211301.25
1000712.0
232103.0
381672.0
73681.06666666667
38479.816666666666
9826.818565400843
15677.027027027027
172037.3076923077
94111.0
11520.653465346535
14096.506329113925
282967.5
727440.6666666666
18304.032
907249.0
582522.3333333334
338802.8333333333
489357.6666666667
111530.29411764706
218580.0
467515.5
27142.46511627907
375483.1666666667
127852.5294117647
194988.91666666666
142198.4375
177783.5
75371.89655172414
21100.072727272727
18301.496062992126
69459.96774193548
22581.97
265540.4285714286
1944.9140752864157
47781.28571428572
25960.63855421687
767247.0
28768.666666666668
914978.5
6295.0
10998.139393939395
326066.8
177999.0
784924.0
150665.57142857142
729506.5
104332.5
16321.068965517241
238595.0
276119.6
318929.6
946192.0
262344.0
22823.19587628866
174928.42857142858
17864.672
531029.0
130222.61111111111
357290.5
269191.0
135452.92857142858
525889.5
16987.397058823528
304234.14285714284
605976.0
7457.5
897985.0
756020.0
17269.566176470587
78588.17857142857
296573.0
20535.0
18810.680672268907
99159.95454545454
764550.0
19175.05128205128
354900.0
258647.0
293051.0
212539.25
44519.5
408031.5
18978.566371681416
21784.516483516483
266982.71428571426
189252.2
519596.3333333333
40560.08620689655
697925.6666666666
76065.76923076923
62939.48648648649
21439.01851851852
155562.86666666667
514977.75
605201.0
26800.41379310345
260677.14285714287
272455.0
37235.25806451613
526738.5
434144.6666666667
273420.0
8797.453441295547
63155.294117647056
328514.0
79765.60869565218
281485.25
41628.57142857143
40979.92156862745
148367.33333333334
300861.0
9729.80930232558
1403561.0
269098.0
27958.47619047619
103468.73913043478
1332644.0
25394.666666666668
37886.06779661017
12337.25748502994
25700.81395348837
158208.5
627378.3333333334
194068.9090909091
4412.13214990138
14517.35625
321197.0
1628201.0
8515.99290780142
33629.42424242424
143333.66666666666
214844.6
687119.0
2699.4260969976904
22597.21212121212
98502.26086956522
157971.0909090909
948728.0
15900.027027027027
172367.5
6568.822629969419
249644.25
172217.38461538462
1806.5571984435799
1148988.0
-6122.333333333333
192700.5
40826.763636363634
1534924.0
129130.21428571429
24920.884210526317
72115.0
411981.0
201718.0
29647.12658227848
28748.548780487807
37667.6724137931
114237.0
88709.08695652174
20706.699115044248
248732.57142857142
15299.324675324675
210187.36363636365
22462.29411764706
1128813.5
80049.95
807114.5
9014.570776255709
744458.3333333334
89143.86956521739
394353.6666666667
170843.91666666666
23443.738636363636
18391.20512820513
88563.95833333333
85209.15384615384
81905.0
25964.59493670886
664315.6666666666
290274.85714285716
269259.375
26.0
159793.125
27291.714285714286
1915.9704675963906
76788.53333333334
482216.6666666667
390627.8
314481.6666666667
790947.0
42907.5
18134.207692307693
739070.0
282113.0
213703.375
162187.14285714287
10575.232323232323
9826.0
166553.0
29522.74358974359
157022.75
204063.0
28969.6625
39830.729166666664
174096.41666666666
125300.5
194076.625
25800.244444444445
129696.25
2509.045989304813
220627.66666666666
83980.72222222222
16970.963503649637
25769.967032967033
480776.5
84293.63157894737
191697.72727272726
267592.71428571426
442170.0
227466.0
79351.52173913043
130156.83333333333
150985.73333333334
389156.5
177602.0
22551.19387755102
125838.0
2057164.0
181214.1
1118684.0
17722.73282442748
177779.6923076923
260858.33333333334
16258.874125874127
329118.0
786767.0
14936.135483870969
33873.27142857143
397505.4
4.261261261261262
301906.25
194989.81818181818
211407.8
224206.75
1919476.0
28964.458333333332
81919.57142857143
-14819.0
13284.822857142857
145830.3076923077
26139.606741573032
15533.100671140939
450837.0
29730.16
44487.5918367347
21077.912621359224
257909.4
253799.66666666666
52478.125
3.25
10228.45933014354
797587.0
733439.5
98705.35
757592.0
156176.64285714287
380767.3333333333
1463994.0
135271.23529411765
38643.52173913043
126286.125
302897.0
25350.362637362636
27115.454545454544
33249.52857142857
226605.0
183779.36363636365
116315.61111111111
1203175.0
378453.3333333333
8215.996453900709
37596.790322580644
117742.88235294117
26506.183908045976
877565.0
201879.0
1281521.0
559094.6666666666
1022246.5
16616.42142857143
10158.0
16149.964285714286
352555.0
210478.81818181818
199321.0
22758.653846153848
66255.85714285714
265201.85714285716
12203.072727272727
152079.54545454544
748649.5
229222.0
204573.125
202897.0
84659.28
20678.553571428572
257252.0
80553.66666666667
17707.52985074627
106228.28571428571
28708.51851851852
160350.875
19181.967479674797
320148.25
495970.3333333333
733419.0
477232.0
120652.58823529411
416548.0
202608.16666666666
715298.0
735989.0
4023.788395904437
4793.592975206611
387550.0
217617.0
233414.25
16917.547445255474
15662.797297297297
543990.25
77605.11111111111
99450.0
389060.0
211592.0
60452.0
24744.677419354837
63259.58823529412
610345.3333333334
121056.21052631579
28082.738095238095
134596.06666666668
22785.254901960783
18867.86
385875.5
163919.0
29887.85714285714
21767.716981132075
213317.5
128023.14285714286
402122.8
590866.0
372124.8333333333
507109.3333333333
138480.3125
525508.6666666666
495076.6666666667
138563.93333333332
182112.75
8932.065384615385
39014.30357142857
15463.753333333334
5184.666666666667
28153.963855421687
323479.0
410.078431372549
106888.33333333333
705813.0
185645.5
197370.0
559689.0
91786.14285714286
459651.0
216388.33333333334
1330365.0
618317.5
56021.68421052631
17855.812030075187
328861.8
23474.96
91519.28
268147.3333333333
179168.07692307694
87065.91304347826
54642.29268292683
8345.24513618677
1123210.0
247299.0
294830.0
17247.954887218046
156652.33333333334
13363.763313609468
204400.0
489427.6666666667
197570.4
632698.3333333334
153480.5
24741.64893617021
22965.02
33693.32352941176
413166.2
92774.52173913043
241549.0
26824.32183908046
29148.9375
3.0
26945.904761904763
458816.0
234639.0
631302.0
290852.0
20437.964601769912
77335.4074074074
114262.94444444444
34237.2
369731.25
10191.328947368422
29392.763157894737
493308.75
39855.8813559322
31677.63076923077
57051.666666666664
283095.0
137877.875
107293.09523809524
15363.692810457516
411507.0
18267.047244094487
196116.55555555556
938894.0
9199.494023904383
118553.05555555556
160670.61538461538
188419.72727272726
30716.27142857143
388667.0
170907.11111111112
6885.0
665193.0
15277.091503267973
13105.81981981982
19629.0756302521
278292.4285714286
89020.78260869565
50573.818181818184
12906.769696969697
27823.590361445782
51385.65789473684
52748.931818181816
17.0
200906.0
681105.0
641937.0
499554.0
391236.0
54348.666666666664
82196.03846153847
106397.78947368421
217102.125
247923.875
187197.81818181818
345359.3333333333
516691.6666666667
209228.22222222222
1320054.0
274931.5
640319.0
161370.75
169144.0
84718.0
176682.75
17837.885496183208
15087.655844155845
1777334.0
21121.47619047619
236683.625
301018.3333333333
463496.6
5808.341584158416
700128.0
35773.24615384615
199938.3
23717.80612244898
74517.62068965517
49833.35555555556
432354.2
13032.618784530387
19194.774774774774
29800.090909090908
13408.335260115608
468660.0
230621.0
80644.05263157895
207413.0
50165.59574468085
541643.25
61140.32142857143
9074.23754789272
518659.25
36629.671875
23773.9797979798
172035.0
165126.36363636365
110212.36842105263
859975.5
1633506.0
44648.45
24750.516483516483
71782.21875
32265.027777777777
79258.53846153847
17537.450381679388
1014607.0
13804.748502994013
112472.15789473684
275769.71428571426
18507.189655172413
337333.3333333333
18829.91129032258
274887.25
21402.85576923077
47732.875
2020524.0
211106.375
29684.177215189873
143812.5
662900.5
68682.87096774194
514757.3333333333
146372.92857142858
100681.0
162673.77777777778
1103678.0
141731.0
433581.6666666667
114018.15789473684
40910.22641509434
101269.78947368421
493569.0
13057.079545454546
22711.14
73615.21739130435
915605.5
18592.434782608696
951087.0
493234.0
23621.59574468085
85853.0
65614.40625
343409.0
85905.08695652174
734326.0
77858.65384615384
22837.811881188118
11607.93137254902
15515.655629139073
18415.6171875
270882.4
623109.6666666666
179562.0
457742.0
47452.95652173913
290544.25
17686.14503816794
53652.80952380953
11907.63076923077
10399.324200913243
85544.46153846153
59237.0
342059.0
11394.228855721392
91392.0
8671.244604316547
25119.166666666668
259252.0
528421.0
26044.82222222222
32049.216216216217
139132.5
14958.87341772152
1044983.0
1731598.0
204339.81818181818
98994.59090909091
379515.3333333333
80113.03703703704
251226.0
561289.0
944558.0
949694.5
160156.7142857143
1473933.0
311169.8
65105.066666666666
7996.580204778157
1022118.0
676871.3333333334
470175.6666666667
101916.29411764706
26015.329545454544
68650.35483870968
15870.17857142857
471383.6666666667
129867.8
439155.0
255905.0
83.0
277820.4
606158.3333333334
235918.25
152482.2142857143
104069.0
37370.32258064516
1116897.0
100712.55555555556
231.0
169455.0
167075.08333333334
80779.48
265744.2
33219.884057971016
25441.51724137931
579291.75
324787.4285714286
69901.69696969698
78198.0
247816.0
26978.690476190477
120517.1052631579
91691.19047619047
532140.0
299691.8
185925.5
197001.83333333334
493950.0
1032573.0
54216.76190476191
1130724.0
933014.5
202950.66666666666
64014.545454545456
181933.91666666666
10626.585714285715
23480.38775510204
1565972.0
18442.454545454544
335013.0
260898.5
82449.44
312105.0
13895.604790419162
4000.870242214533
6976.228395061728
6069.325459317585
10938.759433962265
28553.123456790123
23414.477272727272
9708.219409282701
317765.5
21970.20754716981
86950.0
44318.0
560335.3333333334
50888.75
18007.234375
59917.16216216216
23390.57
360554.8
260304.25
125265.16666666667
21210.188118811882
242001.66666666666
456821.3333333333
1053006.0
233971.0
142492.33333333334
259772.0
133146.17647058822
33352.086956521736
205297.5
276832.125
173250.16666666666
6957.438438438438
736312.5
21739.51
11386.00966183575
28131.5641025641
23274.44
24879.842105263157
598816.0
219137.0
7548.387096774193
298816.0
22536.760416666668
76096.58620689655
15123.875816993464
627750.0
495143.0
15725.746575342466
178717.81818181818
1082344.0
26598.22619047619
356307.8333333333
16974.717391304348
27520.29411764706
80113.03571428571
331540.0
894222.5
3970.915951972556
22478.41176470588
10659.563063063064
47257.68085106383
237780.2857142857
720252.0
256189.66666666666
26566.795180722893
177512.83333333334
191902.0
1249660.0
344339.25
26299.32222222222
317608.0
150149.66666666666
27079.44705882353
16145.767605633802
214520.6
935200.5
37669.583333333336
313756.4285714286
21257.77142857143
956873.0
384162.1666666667
703028.0
654932.0
531092.0
936627.0
214292.18181818182
10612.0
128584.5
25314.41304347826
289636.3333333333
206609.33333333334
446493.75
714674.0
31437.520547945205
33355.057971014496
183799.0
21063.70873786408
416461.0
416532.2
590524.0
13642.39053254438
136486.88235294117
240912.75
29860.093333333334
108496.05263157895
80674.0
553302.0
235970.5
455201.0
4339.0
61925.57142857143
63242.37837837838
68514.8
509346.0
12435.456989247312
220529.7
198481.1
45276.22448979592
229730.42857142858
336149.0
58394.89743589744
10092.793859649122
18452.555555555555
128190.5294117647
273705.14285714284
16090.531746031746
18074.762295081968
86943.36
85715.69565217392
17838.984615384616
261308.0
142669.16666666666
50778.2
99159.5
26413.295454545456
379161.0
120309.77777777778
1385.0
186945.5
25211.07608695652
96506.75
1408361.0
25376.445652173912
349131.0
76959.7
26957.170731707316
546480.3333333334
34761.59090909091
128795.61111111111
27582.29761904762
576570.5
222243.1
198843.7
133957.57142857142
10805.0
693096.0
293849.85714285716
111401.23809523809
45598.425531914894
25286.659340659342
49496.25
19153.15702479339
137088.66666666666
785209.0
10827.009345794393
186251.5
316677.1666666667
553057.0
13478.79393939394
24431.563829787236
19310.825
239533.0
1527053.0
174423.36363636365
71129.0
26846.5
190156.91666666666
199100.0
170469.875
260832.125
123931.33333333333
-3290.0
488129.6666666667
108951.36842105263
25060.347826086956
117907.94736842105
28941.2
198546.3
1689.4420131291029
15825.520547945205
299312.5
38196.0
25833.808988764045
914379.5
141544.0
381978.0
389413.75
213436.54545454544
85626.88888888889
10719.46261682243
22684.717171717173
616841.0
140284.0
19788.758928571428
214777.0
648011.3333333334
18916.991666666665
120938.07142857143
73714.9
17100.456521739132
119317.84615384616
431594.0
29681.151515151516
4897.215644820296
95031.5
22712.274509803923
16656.107913669064
70931.57575757576
-10878.0
317165.0
105495.25
444629.0
151516.66666666666
22313.893203883494
23482.052083333332
701558.6666666666
28704.975
21650.324074074073
466072.0
152864.46153846153
28483.0
82520.78260869565
30294.233766233767
16065.751824817518
137449.25
169785.11111111112
25502.632183908045
337785.6666666667
28015.059523809523
325352.0
9264.895582329318
127969.46666666666
9054.203921568627
6207.043103448276
117240.66666666667
14981.612244897959
600072.6666666666
22448.076923076922
8970.393129770993
46198.125
26282.886363636364
23965.59375
738260.0
350631.6666666667
9886.025316455696
17730.992424242424
1766481.0
22613.71568627451
250732.33333333334
1132704.0
413728.25
23163.489583333332
28685.337837837837
306864.0
28386.89156626506
116973.0
604326.5
114495.75
188676.7
25033.236559139787
18291.38888888889
374549.3333333333
23690.21212121212
62508.75
368134.6666666667
18917.198347107438
6526.571022727273
47038.71428571428
256117.7142857143
52258.545454545456
105380.0
313847.25
15545.097902097903
17145.903703703705
5501.360381861575
224692.88888888888
9420.452282157676
1021102.0
10699.231818181817
618499.0
72691.06666666667
22106.125
107236.09523809524
242198.6
19482.685950413223
10341.518018018018
1001471.5
70366.5
130532.0
259049.83333333334
157311.5
46530.5918367347
30270.91304347826
284285.5
345854.6
31285.383561643837
342467.6666666667
607543.3333333334
28921.4
542634.5
72667.41935483871
43276.56603773585
21631.725490196077
31031.223684210527
1270929.0
207217.6
28835.246913580246
171914.6
8823.104868913857
221843.0
8690.049056603773
69829.88235294117
16618.347517730497
27898.569620253165
27826.469879518074
207415.33333333334
44759.980769230766
224127.5
182131.6
8213.057692307691
30852.56
381403.0
217351.33333333334
281368.0
91695.76470588235
681573.6666666666
703567.3333333334
13429.587209302326
19164.810344827587
62593.555555555555
84.0
74552.17857142857
292224.6666666667
174284.625
805584.5
44544.30612244898
131271.0
26877.346153846152
264057.0
21482.97142857143
38435.49056603773
259383.55555555556
338470.0
97863.57894736843
18402.0
19485.446280991735
959929.5
30466.105263157893
1790020.0
29193.925
462948.75
71972.28571428571
3565.806697108067
431959.4
16885.704545454544
23204.0625
1560335.0
125059.07692307692
219733.0
39518.59259259259
187.0
372348.2
57259.2972972973
86401.91666666667
183043.08333333334
59045.36842105263
211433.2
21810.622641509435
46762.61224489796
53735.18918918919
123726.6
19943.51282051282
44113.903846153844
20128.834782608697
710124.3333333334
20320.9203539823
1422.136563876652
112536.0
183111.44444444444
15741.244897959185
302821.0
232.5
89612.29166666667
22186.666666666668
376979.3333333333
70344.73333333334
612201.0
372389.6666666667
20498.60714285714
14339.411764705883
562572.5
62671.86111111111
385983.0
202820.0
43327.56603773585
296059.28571428574
3275.5519877675843
90352.18181818182
149796.0
617542.0
426739.0
124877.61111111111
9609.74693877551
565522.0
384804.4
206813.375
1343380.0
9154.737373737375
667037.0
205714.4
21750.747663551403
380528.0
88254.0
33274.77142857143
151043.26666666666
15561.825174825175
232138.0
293757.2
331045.3333333333
29138.11842105263
1049372.0
558679.0
27347.914634146342
16537.514492753624
48293.954545454544
2969.90756302521
13842.51497005988
31218.906666666666
330795.14285714284
27139.488372093023
93752.96
26018.636363636364
1208321.0
242998.0
269683.5
494157.0
455475.5
5179.39902676399
25014.698924731183
672352.6666666666
6582.349570200573
185377.58333333334
99264.95238095238
189028.0
10209.70982142857
407350.6666666667
318595.0
23251.39
70826.88888888889
18097.868217054263
61537.444444444445
783228.0
9233.38492063492
59073.97222222222
24975.123595505618
65657.72413793103
70180.58620689655
502067.3333333333
286619.75
20114.46153846154
190099.33333333334
972753.0
1521372.0
249731.625
15525.825174825175
865064.0
1802528.0
184950.36363636365
553686.0
56457.74074074074
737818.0
355896.5
127368.0
25103.0
112036.75
27243.70930232558
232808.8
16574.37398373984
631238.5
113744.75
487316.0
1557424.0
785080.0
536104.0
599210.0
87132.2
14329.171779141105
6308.306010928962
163300.33333333334
8588.0
17840.664122137405
32263.444444444445
647159.5
342834.0
41052.230769230766
196705.81818181818
14074.408536585366
91578.8
221237.6
210482.33333333334
305777.5714285714
757619.0
-22296.0
234015.75
228341.0
1243339.0
18008.708661417324
36551.93548387097
166016.54545454544
70709.93333333333
23564.275510204083
998794.0
19436.96638655462
65715.75
66730.40625
265900.85714285716
195780.44444444444
451438.25
15394.38
378905.8
595806.0
199510.4
411475.0
26251.545454545456
16998.6
2730.806818181818
16549.46762589928
34018.53846153846
494066.3333333333
133135.92307692306
27206.78205128205
19414.252100840335
17972.682926829268
111638.69230769231
601412.0
48075.35
21630.89108910891
475590.5
19681.579831932773
179916.16666666666
1483577.0
495738.3333333333
49195.104166666664
293541.14285714284
19895.129310344826
92656.09090909091
1127937.0
47652.755102040814
14856.967532467532
373018.3333333333
26274.06818181818
158504.08333333334
105621.0
97006.0
155735.92307692306
81568.0
17997.51937984496
1967154.0
267.0
3.11340206185567
271145.875
316811.3333333333
10186.165217391304
10952.758139534884
45286.708333333336
251449.0
13771.959064327486
90913.27272727272
125830.46666666666
29721.19230769231
25099.68817204301
102576.47619047618
27310.560975609755
228123.7
11889.211340206186
21983.009708737864
461583.3333333333
1102288.0
94438.1
41724.84
548695.0
135297.125
58226.95
29470.613333333335
34280.149253731346
93713.64705882352
24758.484210526316
723191.6666666666
14289.614906832297
60184.18421052631
196220.0
34881.857142857145
26795.772727272728
187373.77777777778
208333.18181818182
770961.0
776873.0
659411.0
478542.5
83088.46428571429
87067.44
158821.7142857143
558633.6666666666
285502.0
18479.55462184874
80534.5
75404.60714285714
10399.633802816901
24877.155555555557
64678.55882352941
205388.7
24556.4375
446103.6
23064.19387755102
1245735.0
15231.554838709677
713980.0
775631.5
704038.0
234286.0
20204.715596330276
250680.2857142857
23200.20792079208
15624.219858156028
58460.47222222222
27313.19512195122
23674.909090909092
26366.05747126437
773175.0
23790.072164948455
11115.13679245283
26686.653846153848
13778.45294117647
576050.6666666666
449048.25
20465.448598130843
118699.5
27043.058139534885
239400.11111111112
760811.5
260719.0
17813.106870229007
26227.51111111111
297361.1666666667
105354.27272727272
24510.53125
33283.985714285714
690680.5
399233.2
21337.766355140186
20406.894736842107
29008.074074074073
23282.842105263157
27461.285714285714
25374.54945054945
234382.33333333334
100846.0
15549.601351351352
23651.329896907217
30607.53947368421
313239.5
389875.0
76780.03571428571
150375.86666666667
314051.5
304261.3333333333
41568.6037735849
264053.5
4657.721212121212
28464.0
21857.058823529413
31098.0
716890.0
15917.441860465116
24068.64285714286
248463.14285714287
144571.0
7500.990163934426
8560.396363636364
114245.5
321791.3333333333
59603.97297297297
10663.242990654206
62602.666666666664
11007.88262910798
19277.213114754097
51683.565217391304
25391.571428571428
447786.0
5.5
85943.5
20568.097345132745
28861.26923076923
13061.08888888889
16678.978417266186
1280380.0
19158.829268292684
78755.39285714286
28915.962025316454
114737.8
34904.32835820896
16039.985401459853
27086.988235294117
779381.6666666666
23040.09
78235.78571428571
13604.809523809523
26508.19540229885
193845.25
20861.623853211007
406464.6
781745.5
26823.091954022988
278946.6666666667
576379.0
515067.0
308699.0
24657.70786516854
46346.08888888889
1177012.5
17288.4126984127
345908.75
37675.63636363636
120055.11111111111
31386.773333333334
451836.5
308018.14285714284
10482.588235294117
27392.68674698795
21963.094339622643
71038.71875
34164.55223880597
77794.0
18877.239669421488
3035.327698309493
215925.5
24515.67021276596
207123.66666666666
14617.359477124182
178330.0
215920.125
422599.0
211929.75
916233.0
503858.0
653976.0
143680.7142857143
16142.358620689654
233077.0
27222.285714285714
30764.052631578947
111833.2
29563.226666666666
112222.45
15770.082191780823
20886.467889908257
154135.14285714287
184463.55555555556
263709.0
56766.68292682927
183267.2
550544.5
77630.0
273177.5
780813.0
369456.75
256.0
172903.33333333334
4080.6695804195806
398402.5
68011.39130434782
28691.634146341465
21895.257142857143
25212.815217391304
80842.48148148147
41626.94545454546
86139.04347826086
172970.36363636365
76487.06896551725
34442.132352941175
5522.199017199017
174059.5
146270.9
4494.642307692307
175642.66666666666
67816.0
22708.774509803923
6128.81693989071
551810.0
24784.8
13440.95321637427
48615.375
47006.4693877551
1901479.0
532945.5
16665.03846153846
116488.15
196409.85714285713
25918.090909090908
152069.25
147525.4
90445.61904761905
153344.2
18885.426229508197
119182.95
555111.0
130509.94444444444
511300.0
19827.17757009346
62989.38888888889
5818.597368421053
126862.77777777778
19172.834782608697
51231.38461538462
34346.16176470588
396722.2
56877.91176470588
23103.19801980198
26282.415730337078
19224.93859649123
28763.896103896102
215695.0
27825.721518987342
26707.6511627907
15533.509933774834
21440.603773584906
376013.0
26457.816091954024
97570.21739130435
2681.127659574468
71022.11111111111
25977.670454545456
825586.5
21035.940594059404
20194.80701754386
106877.4705882353
15444.227272727272
112965.31578947368
26127.329545454544
30103.51388888889
27826.048192771083
17793.256198347106
471001.3333333333
17022.288288288288
5919.6163522012575
21267.254545454547
18314.577235772358
1054231.0
13144.614942528735
412948.0
248788.55555555556
44271.75
692726.3333333334
344993.0
12192.010752688173
23667.577319587628
250314.0
106650.9
159560.15384615384
29680.708860759492
33316.671428571426
108113.45
28211.048780487807
36090.475409836065
37177.333333333336
28558.0875
4259.306691449814
13321.335227272728
25674.63953488372
335948.3333333333
292686.4285714286
24644.247311827956
13633.778443113772
312585.0
17869.09375
17890.923076923078
30878.943661971833
1011239.0
27334.97619047619
8909.12890625
151860.61538461538
298096.85714285716
17524.111940298506
32976.54285714286
12143.390625
60195.31578947369
24090.168421052633
18822.475806451614
11980.76923076923
553350.0
16658.810218978102
97588.30434782608
16154.90909090909
259002.33333333334
156993.07142857142
9268.402489626556
10708.668224299065
523739.75
282927.25
21537.73394495413
175842.5
21115.59259259259
256688.0
694163.6666666666
841907.0
21622.239130434784
15766.510638297872
26995.333333333332
20182.971962616823
22788.051020408162
18570.58870967742
172400.22222222222
683527.6666666666
376477.2
23447.051020408162
4319.6918819188195
79221.11538461539
158103.6923076923
33422.06060606061
1896959.0
23059.125
53889.6
56552.485714285714
576230.0
27298.09638554217
149393.33333333334
24141.021739130436
513940.6666666667
310243.8
25200.21505376344
147942.83333333334
855943.0
23734.20408163265
23817.947368421053
20068.354545454546
7629.338926174497
14794.848101265823
19568.03448275862
14163.907975460123
79137.89655172414
24219.483870967742
123302.0
68211.35714285714
29454.06
16247.377622377622
114637.33333333333
126119.23076923077
105228.94444444444
11894.54358974359
15247.35172413793
437790.6666666667
27554.870588235295
99673.55555555556
11772.176767676769
138742.5625
43156.117647058825
30.03267973856209
169564.0
3547.7993920972644
317872.4285714286
401706.0
13318.588571428572
29765.772151898735
69426.125
244684.33333333334
35519.09090909091
5922.062972292191
32095.602739726026
11162.331753554503
13308.005681818182
219341.22222222222
13121.714285714286
160261.58333333334
46932.0
105808.57142857143
266764.0
57405.97619047619
56664.76190476191
26922.19540229885
28100.630952380954
1048090.0
341216.4
257867.66666666666
526485.0
345887.6
25360.456521739132
5825.888888888889
14195.547619047618
331880.3333333333
14032.359281437126
337819.8333333333
9773.058823529413
110915.0
34793.016393442624
19800.380165289258
38633.833333333336
205647.7
131596.9090909091
23659.868686868685
8287.496153846154
22485.85714285714
60197.38888888889
584729.0
30349.886075949365
201056.44444444444
5987.723076923077
500431.0
14030.74251497006
28790.864197530864
15565.688741721855
869.2864059590316
184249.3076923077
32863.362318840576
23528.420454545456
91273.23076923077
7961.626712328767
514653.0
55169.125
28192.246913580246
21387.971698113208
23297.58762886598
14403.664556962025
23498.272727272728
1084469.5
121513.25
414303.5
24316.639175257733
18447.153846153848
16936.545454545456
18270.198473282442
586075.0
24096.896907216495
32595.527777777777
6473.683076923077
42900.25454545455
248302.11111111112
80811.58620689655
257197.5
6242.159340659341
28689.843373493975
14726.758389261746
8861.0
26924.215909090908
275833.8
15323.686274509804
262006.2857142857
22239.42
48555.8
15198.285714285714
135806.33333333334
116644.58823529411
272035.0
380497.2
134518.5
24819.0
323644.25
22513.82978723404
11798.283018867925
30382.2987012987
26033.627906976744
50471.75555555556
70143.43333333333
333630.6666666667
23223.76530612245
306035.0
386212.6666666667
17578.561538461538
16695.522727272728
2759.7380952380954
112501.64705882352
16502.669421487604
1922.4971287940934
48490.934782608696
20831.598214285714
3377.5772357723577
8748.20168067227
1808955.0
25430.043478260868
10472.37614678899
45607.448979591834
23528.454545454544
46034.42857142857
25336.091954022988
64179.0625
206673.6
217522.2
76213.42307692308
818059.5
943.8529654036244
180846.5
30996.055555555555
17240.88888888889
517201.0
23910.9793814433
22088.239583333332
23809.847826086956
163371.85714285713
182307.9090909091
68035.09375
230686.125
62335.42857142857
27091.802325581397
409740.0
30696.630136986303
12935.983425414364
24234.645833333332
293867.0
24060.864583333332
20645.357798165136
224155.5
18865.561983471074
190921.44444444444
145557.57142857142
294346.2
12920.02840909091
20947.4125
15869.876811594202
165025.0
143817.2
26604.036585365855
81116.0
25927.908045977012
38066.78333333333
26267.63953488372
26355.103448275862
56531.52631578947
182906.0
18914.219512195123
187857.9
22000.20754716981
27299.424657534248
20178.175925925927
109263.86666666667
292155.14285714284
15573.241935483871
21670.077777777777
17528.378787878788
8328.391836734694
716211.0
11864.350253807106
316811.0
112228.0
2908.0
150856.86666666667
20207.8125
24885.271739130436
24778.84705882353
22183.457142857143
212091.33333333334
20901.572727272727
111331.05882352941
129954.27272727272
184396.5
76274.04
69621.83870967742
121990.11764705883
13732.777108433735
16460.187969924813
-23916.0
116342.17647058824
116476.8
21435.64210526316
199400.0
26432.75581395349
129806.09090909091
57804.32432432433
202061.75
20164.238532110092
296310.8333333333
204114.66666666666
11618.576530612245
16820.118518518517
0.0
404688.0
160871.7142857143
210358.0
352385.0
672231.0
143267.06666666668
199095.875
25859.505747126437
146356.4
319143.4
92252.34782608696
21361.575471698114
61783.19047619047
116692.65
917877.0
406927.0
7933.232394366197
-17522.0
146358.0
180500.83333333334
23511.546391752578
31906.814285714285
585245.3333333334
163084.83333333334
212286.0
635423.3333333334
62578.9
18567.33870967742
30553.62162162162
394682.0
28749.296296296296
632919.0
16471.128571428573
57451.97435897436
516322.5
27377.697368421053
668864.0
19296.380165289258
137381.375
16250.355555555556
36179.8125
15031.41447368421
30147.72
22876.03
23882.177083333332
20114.587719298244
21098.5
17231.402985074626
18602.701612903227
27169.761904761905
399416.0
1.0
127074.44444444444
195518.45454545456
25537.824175824175
15731.979452054795
395168.5
283992.4285714286
24383.81111111111
27976.628205128207
11988.90206185567
26790.053333333333
19534.34745762712
207070.66666666666
964.7467976088813
12046.397905759162
424983.5
53964.95348837209
17574.257575757576
25677.775
629778.3333333334
13623.611764705882
17754.04651162791
375084.6666666667
26377.30487804878
1040867.5
138548.5
5628.01246882793
19484.429906542056
27643.12048192771
380492.6666666667
21379.323529411766
88330.0
13974.107784431138
34662.55223880597
26671.49411764706
237885.4
410449.5
42993.91071428572
28314.87341772152
25799.285714285714
271176.0
229649.33333333334
143308.0
17320.948529411766
407598.5
108696.13636363637
15280.517006802722
90023.5
477270.75
116957.41176470589
29006.20512820513
127786.73333333334
15526.553956834532
21544.26126126126
386848.6
113539.75
25890.0989010989
273184.28571428574
135984.6
24136.96875
25747.149425287356
13874.598837209302
689423.0
403038.0
274063.3333333333
1213730.0
261767.83333333334
761328.5
23743.224489795917
40245.67857142857
49952.27659574468
31974.367647058825
26891.178571428572
93406.5
29654.810126582277
23782.383838383837
6459.349570200573
33073.44117647059
733736.0
22718.436893203885
555781.5
266688.625
20972.447368421053
19141.685950413223
29963.44155844156
11423.050505050505
176851.83333333334
25644.50588235294
28142.948051948053
10285.14347826087
21221.027777777777
204480.33333333334
24750.879120879123
26940.241379310344
26717.428571428572
61241.54054054054
10997.398058252427
395204.0
89553.32
43128.38461538462
579613.0
14669.246913580248
271063.0
13407.229299363058
26187.584415584417
645805.5
281238.25
289649.3333333333
230947.625
100974.63157894737
364416.6
15676.83552631579
295234.85714285716
20167.981981981982
23692.831683168315
20596.77358490566
54655.0
13356.306818181818
15376.625850340137
60239.8717948718
27906.418604651164
337929.2
17018.7734375
10336.488986784141
48115.12765957447
23668.826530612245
5521.708045977011
21299.52727272727
292465.0
30697.939393939392
96243.66666666667
695749.0
119665.8
17134.66176470588
15985.054794520547
89545.7
9092.935742971888
17253.94074074074
755818.0
20074.34188034188
14276.209580838324
392266.0
780.0
38022.72881355932
105682.31818181818
27436.682352941178
376160.0
255378.14285714287
80944.95652173914
1441319.0
21464.08256880734
10376.97
26958.811764705883
594117.0
18628.738095238095
61230.666666666664
16964.64748201439
95787.63157894737
64835.666666666664
22585.403846153848
112090.25
13761.55487804878
5.0
77779.25
11730.079207920791
1328.8278451761987
11460.720588235294
601285.0
26376.54117647059
30021.75641025641
13760.164705882353
930961.0
13538.03488372093
29171.6
1567581.0
82017.26923076923
30021.75641025641
14245.638554216868
21431.632075471698
447031.0
30015.20512820513
27772.535714285714
558342.5
73581.22222222222
1024217.5
19141.228813559323
255485.0
31313.64383561644
27758.68604651163
18748.75
156167.9090909091
155222.7857142857
12999.58888888889
974402.5
696291.0
8476.84962406015
1441872.0
17853.30534351145
773738.0
479499.0
110082.55
30868.57894736842
26840.459770114943
22493.5
120998.05263157895
17238.816176470587
15334.46052631579
19618.252173913042
104232.0
377986.0
16127.779310344828
638269.5
606765.5
43671.5
24079.477777777778
131191.0625
25188.433734939757
105292.42105263157
123780.25
143597.07142857142
30096.896103896102
22579.31067961165
105754.71428571429
26157.808988764045
166775.0
131137.61111111112
272216.1666666667
16135.432835820895
401293.0
366.5217288055094
29228.74074074074
20353.98214285714
302581.5714285714
28988.5875
141267.33333333334
25766.689655172413
12944.6408839779
127595.41176470589
61754.416666666664
479897.0
16523.401408450703
27845.564705882352
95961.90476190476
22747.463917525773
26092.213483146068
266745.25
9551.666666666666
307140.0
315597.0
126877.76923076923
23869.122448979593
28156.8375
92292.5
44892.34090909091
158791.4
21449.38738738739
1079969.0
408221.5
15926.462585034014
25579.54945054945
16243.333333333334
42880.12727272727
489587.0
25335.37777777778
19645.98181818182
30859.233766233767
385366.75
200647.33333333334
9632.37037037037
19649.172413793105
23199.65
324351.25
18451.6015625
33955.086956521736
23351.101123595505
25168.533333333333
26100.1375
126440.0
18038.535433070865
367250.1666666667
1228067.0
21927.382352941175
16898.579710144928
22106.94230769231
26448.25
7299.671875
104168.1
226524.55555555556
24597.36842105263
583693.0
9560.814159292035
273202.0
179162.0
13974.835365853658
12165.005235602095
21296.071428571428
166721.75
152433.22222222222
62561.857142857145
163487.92857142858
26779.190476190477
152755.5
148832.63636363635
28684.157894736843
188387.18181818182
21372.672727272726
139167.15384615384
283971.25
351894.0
43566.88888888889
19539.125
19996.25
26702.654761904763
115285.66666666667
437061.6666666667
52923.07317073171
671706.0
23768.59595959596
21045.954545454544
33799.463768115944
172591.6
1175392.0
17621.850393700788
27839.7
165083.44444444444
224859.8
43897.820512820515
1638752.0
156431.375
22416.504854368934
7026.4
1540432.0
803492.0
28844.0
389016.5
319158.8333333333
303283.5
21989.48598130841
36097.93548387097
322629.0
262476.5714285714
28.0
22842.18
35596.68656716418
15055.48076923077
22027.225490196077
213569.4
28642.086419753086
83970.32
24551.145833333332
320911.6666666667
27221.655172413793
19659.52475247525
255191.25
91963.64
133844.875
18818.966101694914
605352.0
86066.84
25599.285714285714
45318.55319148936
19230.639344262294
1001036.5
175716.54545454544
78869.8275862069
39019.916666666664
215657.1
23468.118811881188
22219.94
162157.0
15606.0
32473.31746031746
20092.57894736842
158356.0
23155.9375
21272.663265306124
129358.4375
13179.380681818182
27555.875
2577.822727272727
16747.881481481483
232595.33333333334
67714.14705882352
106473.75
14705.922077922078
7139.947735191638
19196.51694915254
14122.890322580644
25035.824175824175
49786.88372093023
68293.34375
113520.4375
317394.5
17114.658536585364
25967.29487179487
1127844.0
289655.875
25765.761363636364
336173.0
26386.18604651163
20775.923076923078
15552.978571428572
14593.438709677419
246304.4
180219.8
45850.68085106383
21995.173076923078
325193.6
217386.5
24887.815217391304
1093940.0
186286.33333333334
634368.0
138740.53333333333
426719.0
22788.23232323232
19634.775862068964
12647.929824561403
221239.9
15313.43119266055
12648.883040935672
25127.383720930233
8325.01838235294
52703.80952380953
123269.77777777778
15154.353333333333
15200.014598540147
98493.0
16100.15909090909
8669.954022988506
22984.36170212766
16755.081818181818
349796.3333333333
12569.251497005987
24770.445652173912
146734.0
80867.0
21189.941176470587
50278.475
142428.58333333334
21670.237623762376
258330.5
22133.545454545456
12871.337142857143
18808.38260869565
10153.957943925234
30239.716981132075
403590.0
24470.054347826088
18956.93859649123
409238.5
101961.85714285714
10458.60465116279
95846.19047619047
135079.2
27968.4358974359
29745.83116883117
13578.603896103896
507533.5
11746.772972972973
20081.40707964602
20837.761467889908
25758.74712643678
11446.832460732985
848585.0
721409.0
10586.014778325123
233330.7142857143
10504.393518518518
3420.541601255887
155890.4
4943.610983981694
17818.723214285714
239220.0
129915.26666666666
16410.760869565216
107202.14285714286
40912.509803921566
25505.96511627907
20529.609090909093
28013.076923076922
15030.558620689655
194439.2857142857
128328.63636363637
25775.966666666667
23259.43
19057.43119266055
25692.159090909092
4774.285115303983
129277.3125
28041.938271604937
111586.5
21085.11214953271
13966.944099378881
7949.327272727272
19219.838983050846
15836.097902097903
24142.463157894737
61088.38888888889
7733.060714285714
263326.0
7340.864406779661
30181.81333333333
31030.930555555555
705856.6666666666
133979.5
17478.80487804878
22512.51485148515
27631.819277108432
23393.709677419356
1413211.0
18669.45283018868
20399.607476635512
17237.0873015873
88.0
26329.01204819277
242717.0
26437.906976744187
3757.106135986733
17120.69291338583
13957.074324324325
593761.3333333334
93600.7
15136.70588235294
27601.83950617284
403502.0
71766.15384615384
83290.48148148147
3300.0
48611.02272727273
8650.369477911647
131875.7857142857
377215.0
7639.7943262411345
22870.628865979383
453491.3333333333
148502.73333333334
19090.353448275862
542862.0
61871.84375
22193.639175257733
20889.090909090908
16007.131782945737
12608.438202247191
496113.0
133534.66666666666
20133.317757009347
763170.0
15541.068027210884
17249.015151515152
275027.4
1049548.5
6132.201704545455
16439.891304347828
28263.395061728395
45847.0
196372.7142857143
6934.0
25232.077777777777
21690.82857142857
28248.12987012987
131326.76923076922
181401.25
8382.284722222223
-149.3846153846154
13848.180124223603
26970.8875
24813.422222222223
23010.45918367347
31667.358208955226
48256.586956521736
18198.764227642278
30306.450704225354
29761.13157894737
22980.17391304348
24459.847826086956
274505.71428571426
33698.015625
228933.5
16456.129770992367
71556.3870967742
17750.330578512396
246745.0
13951.798449612403
2054255.0
36325.96610169492
25492.353658536584
14333.675
14267.69536423841
25206.976470588233
24704.85
41649.20754716981
24434.534090909092
26431.27380952381
352365.0
18455.675213675215
22029.51020408163
13123.512048192772
12681.288461538461
4.0
17824.07207207207
24324.75641025641
12053.657303370786
167867.0
22446.892156862745
169840.0
18429.785123966944
11500.794871794871
29101.115384615383
6221.82905982906
28839.636363636364
19106.20338983051
11009.460396039603
544806.6666666666
19170.008474576272
197855.0
19224.627118644068
2204.971340839304
17039.669421487604
1137580.0
119963.30769230769
23985.260869565216
21742.477272727272
21997.191489361703
30470.611940298506
275985.0
202308.0
488424.0
10612.323383084577
30088.983606557376
20416.755102040817
18800.613445378152
11423.853535353535
18948.957627118645
8761.772549019608
18650.165217391303
16512.90076335878
16230.203125
30073.853333333333
385494.0
18498.53448275862
41612.10909090909
11096.212871287129
180164.5
345841.0
108136.15789473684
77547.24137931035
98076.69565217392
27183.341463414636
282538.71428571426
105132.25
19770.798076923078
13928.831081081082
24620.833333333332
29733.7012987013
21164.117647058825
17812.52336448598
23268.58695652174
14487.006451612904
727060.0
21180.166666666668
23772.32183908046
94073.46153846153
16670.131782945737
24309.023255813954
15709.262068965518
36395.813559322036
24455.522727272728
543062.0
41689.54716981132
14302.786163522012
249830.625
24190.17391304348
14306.775
26469.926829268294
20055.153153153155
26232.41176470588
24004.733333333334
13406.528301886792
15587.468531468532
25288.88888888889
627989.5
29241.432432432433
1444416.0
183120.625
21541.80188679245
19538.043859649122
23255.336842105262
12213.573770491803
4260.50656167979
23102.739130434784
20847.55238095238
12789.622754491018
103.0
3499.172955974843
20357.663636363635
169578.55555555556
2187.652605459057
44727.75
9203.868778280543
22431.831683168315
132593.9
18530.379310344826
257907.5
760083.0
792333.0
1075046.0
9598.718061674008
860896.0
12875.4
225565.25
14848.087248322148
127534.75
31285.056338028167
7256.642172523962
1395519.0
284302.71428571426
19243.40186915888
1041547.0
22901.701030927834
20868.411111111112
132009.55555555556
109526.91666666667
19515.880341880344
65499.82352941176
268066.71428571426
26843.30864197531
83668.82352941176
16060.24647887324
9571.105485232067
12553.976608187135
25962.40506329114
27692.086419753086
137607.6875
13274.425149700599
32061.671641791047
398801.5
83573.88461538461
134270.5625
165237.36363636365
219707.33333333334
25590.44827586207
19431.752136752137
25165.0
25604.734939759037
526978.0
16683.301470588234
29132.82894736842
72821.26666666666
71769.8275862069
144487.0
16887.812030075187
9311.375
651141.0
78537.76923076923
79108.19230769231
18656.034782608695
8701.179856115108
19822.87037037037
92197.0
210730.77777777778
26473.9012345679
323363.5714285714
215825.0
37388.25
18620.833333333332
17756.959349593497
47437.40425531915
50714.30952380953
12885.382857142857
13334.644578313253
22864.24742268041
97115.63636363637
174136.375
23662.21052631579
19586.892156862745
24464.566265060243
493774.75
489579.0
18909.504273504273
430347.5
127305.875
16132.82962962963
510204.0
16358.939393939394
258449.875
113556.125
15551.055944055945
102034.45454545454
242810.125
47068.36956521739
786474.0
19985.754716981133
13797.478787878788
202184.88888888888
11841.842931937173
26358.738095238095
25160.6
16123.690476190477
14052.808510638299
15637.635714285714
19241.118644067796
17860.090163934427
16714.0546875
59042.65789473684
11151.10891089109
27655.170731707316
13992.427672955975
68575.8
23852.279569892475
304414.5
282878.0
19444.908256880735
17404.951219512193
56107.86486486487
4537.927234927235
25709.95348837209
52498.42857142857
24510.021505376346
91796.28571428571
39.25
612437.3333333334
12578.505555555555
492110.0
22738.010416666668
21151.78217821782
8458.24060150376
35210.625
25408.882352941175
26056.09411764706
31003.9
26982.036144578313
14459.443708609271
60533.27272727273
1401420.0
19316.121739130434
63968.970588235294
25094.133333333335
28553.922077922078
10252.291079812207
23591.14893617021
365166.4
134789.08333333334
320314.25
16963.169230769232
19284.234234234234
189836.85714285713
327437.8
64443.74285714285
17399.888
613957.0
440825.0
3383.4210526315787
128798.2
29898.287671232876
264057.0
22106.44660194175
8052.6868327402135
24013.060240963856
1067242.0
23128.244897959183
272558.71428571426
16846.527559055117
17739.0
4719.617647058823
34406.28787878788
19709.32608695652
48766.79069767442
341594.0
6683.330246913581
21559.51485148515
25923.10714285714
18242.173553719007
63640.083333333336
26962.309523809523
17491.23622047244
21814.572916666668
4640.939597315436
32149.25
17366.9453125
25971.64367816092
94901.38095238095
8005.930501930502
676359.0
13707.60736196319
29769.554054054053
25714.29268292683
17829.515873015873
13570.344155844155
49038.26666666667
216668.0
19632.057142857142
26912.666666666668
103891.77272727272
19006.640350877195
19282.117117117115
44970.2
406452.0
561642.0
25945.775
9406.853556485356
884667.5
1791.2306464485234
188973.66666666666
24898.6404494382
78663.52631578948
608859.0
29481.626666666667
223847.8
13793.24375
25587.666666666668
1883955.0
216788.85714285713
216592.44444444444
20042.9203539823
16864.908396946565
251626.75
425874.0
25843.071428571428
283150.5
27795.20987654321
23886.978723404256
28415.810126582277
461341.3333333333
27819.423076923078
27366.354430379746
24963.02298850575
479139.75
13670.398773006134
28685.3417721519
963099.5
21052.08
67171.6129032258
16366.052083333334
23351.95294117647
27753.5875
40137.58181818182
24550.608695652172
30823.6338028169
58927.56756756757
714917.5
1478.1554098360655
21959.225806451614
95974.13636363637
13561.177914110429
26116.795180722893
11744.358695652174
170342.76923076922
6016.371428571429
95254.78260869565
26968.51219512195
20787.46153846154
13845.337837837838
12967.554838709677
17001.375939849626
29308.363636363636
3321.0
12593.958762886597
123657.23529411765
20489.876190476192
352727.3333333333
18345.327433628318
22253.051020408162
22748.25
162368.85714285713
26681.916666666668
13814.088607594937
22164.313725490196
20897.79797979798
153710.07692307694
103359.95238095238
24133.11827956989
16646.83088235294
27696.79746835443
17913.43089430894
5.0
13222.947368421053
543293.6666666666
27485.73417721519
22720.67
9284.798283261802
426842.0
65.0
96983.3
18648.396551724138
386422.0
17768.544715447155
118482.1
24544.858695652172
91638.0
330568.0
4689.84584178499
1084904.0
27653.01265822785
121452.6
508896.6666666667
23548.32608695652
19506.1981981982
11136.15763546798
20741.609090909093
19396.297297297297
54203.7
24100.712643678162
27381.53947368421
27870.846153846152
15943.036496350365
86295.0
28594.822784810127
23365.15625
21289.79245283019
24500.28888888889
27684.303797468354
58042.68421052631
10793.676328502415
184351.25
25078.988505747126
28784.76923076923
18417.872881355932
14067.384057971014
38100.482142857145
8445.16917293233
3637.0
788027.0
323108.3333333333
249162.75
874772.0
25866.135802469136
52957.38461538462
2615.900962861073
595099.0
483159.0
549783.3333333334
31.0
14453.21088435374
24962.579545454544
15981.42372881356
17805.14285714286
78557.80952380953
7370.132653061224
14557.93
10524.601265822785
27121.037974683546
417735.0
19369.758620689656
20972.364485981307
16000.971223021583
21188.622448979593
22830.43
29073.12987012987
22774.727272727272
322616.0
17464.48854961832
20648.697247706423
174704.7142857143
16669.824
22944.35106382979
25434.58620689655
10404.954022988506
73872.82142857143
9057.908333333333
4111.95652173913
25670.682352941178
6.935828877005347
21602.780952380952
365301.0
34890.11627906977
29718.68831168831
24892.175824175825
7412.918032786885
3428.3413173652693
24464.134831460673
187812.4
23748.54945054945
294615.75
23992.010752688173
17122.283464566928
27165.9125
24916.228260869564
26325.988636363636
7843.303249097473
17125.0977443609
168569.7142857143
23719.615384615383
16942.590551181103
18426.84745762712
42175.77358490566
21860.97894736842
511905.0
25766.869047619046
270434.28571428574
25155.333333333332
22781.059405940596
22044.862068965518
12047.111764705882
24603.80681818182
12.0
14310.924137931035
26772.9125
20210.47572815534
26043.933333333334
22236.460674157304
633300.3333333334
22977.816326530614
706614.0
17085.127819548874
18629.310344827587
19378.91964285714
786259.5
17361.4
20223.672897196262
20660.064220183485
21409.73786407767
41442.681818181816
85177.30769230769
5357.38995215311
743716.0
16780.782258064515
18648.612068965518
22897.659340659342
10322.020725388602
5010.2555555555555
289912.0
17615.672566371682
20679.684210526317
22980.877551020407
24912.4
28584.0
16915.28455284553
8973.91967871486
18252.560975609755
1.5
20811.776699029127
36141.56451612903
25203.035294117646
170897.88888888888
25654.464285714286
303653.0
23260.14285714286
103589.72222222222
127390.77777777778
26039.53488372093
27687.858974358973
15889.038461538461
15.0
29432.907894736843
194732.0
26908.698795180724
12819.41059602649
179601.25
6742.146875
45371.333333333336
22277.358695652172
106788.06666666667
134337.0625
20664.083333333332
22115.782608695652
66101.0
16882.97520661157
14267.863354037267
22086.907216494845
58474.02564102564
56302.6
26019.075
25922.3125
15885.45652173913
3426.9761499148212
26548.036585365855
139405.53846153847
24204.815217391304
250927.16666666666
9438.038961038961
12389.508875739644
25393.10843373494
19169.92105263158
20031.333333333332
26885.44927536232
2921.1390820584143
518945.0
20418.892156862745
103341.88235294117
25284.70731707317
25325.226666666666
16055.75968992248
10849.952879581151
15809.353846153846
25858.5
171946.5
180337.9
26117.815789473683
20848.038834951458
19857.5
106979.0
213232.9
62439.93939393939
26976.835443037973
778245.0
20520.778846153848
24712.31818181818
59283.055555555555
967199.5
158485.0
21773.18
19356.49090909091
19743.80769230769
115900.61111111111
865980.5
28281.026315789473
95.0
89445.39130434782
20277.594339622643
6.0
15740.40404040404
227244.22222222222
358541.2
26881.075
18614.048387096773
21900.6
27390.3875
22856.23595505618
198671.875
336272.0
26986.55
235652.75
20040.77570093458
5076.471698113208
23980.337078651686
208070.11111111112
15610.532110091743
307472.75
208469.0
4043.2578740157483
9743.687022900764
22530.145833333332
679174.5
8016.033834586467
184035.0
15527.934782608696
17922.793388429753
66429.83870967742
295900.0
14758.869565217392
195854.66666666666
271655.0
10306.735576923076
26418.88888888889
22396.103092783505
1604.0425531914893
18787.75
10157.932291666666
25595.320987654322
9235.495454545455
24638.156626506025
19811.40740740741
19462.980198019803
172208.875
19257.480392156864
1314438.0
8657.496402877698
1.9830866807610994
74518.0
22569.827586206895
22761.968085106382
21879.1797752809
18795.636363636364
22345.663157894738
24408.022471910113
21111.67213114754
23444.222222222223
28142.532467532466
19905.59375
464116.0
12898.793548387097
151285.25
3504.3465346534654
22411.263736263736
12019.704545454546
21233.369565217392
4960.025641025641
21473.64285714286
17783.811475409835
12148.105263157895
16661.102564102563
13167.774390243903
10790.782608695652
61769.0
28119.18181818182
22567.380434782608
42737.5918367347
18768.905982905984
15687.484375
95807.68181818182
12355.078651685393
202746.7
80037.70588235294
9721.12834224599
12061.666666666666
65822.96875
16934.112903225807
499778.5
25884.833333333332
7842.919014084507
10870.070270270271
382098.2
733106.0
169620.18181818182
22272.061855670105
83836.0
11759.8
26229.6582278481
15093.511627906977
8120.59437751004
24687.86746987952
164946.15384615384
11621.848101265823
150598.75
632937.0
21482.30612244898
4953.700471698113
15903.186046511628
14054.22641509434
126842.4705882353
10530.743961352657
23295.906976744187
12858.567741935483
22921.78947368421
435577.3333333333
19047.026315789473
212662.55555555556
24686.55172413793
9986.245901639344
25252.402298850575
24344.776470588236
24155.633333333335
9052.391489361702
17887.122950819674
19934.22
10102.140776699029
14098.235294117647
26821.012987012986
190455.6
18413.73214285714
28381.23287671233
25464.939759036144
23714.206896551725
1152.0
25879.113924050635
200688.5
679716.0
1005990.0
17294.176470588234
9260.30357142857
22612.566265060243
14206.625
15097.061538461538
16267.171052631578
20229.962264150945
84980.57142857143
16678.84496124031
25948.614457831325
43238.0
25071.277108433736
21842.42105263158
23118.233333333334
21137.694736842106
10625.123456790123
21747.98947368421
25021.177215189873
410004.0
21213.074468085106
1702949.0
19793.31313131313
23720.674418604653
13491.945578231293
12579.72435897436
21821.031914893618
18196.616071428572
22856.25581395349
419137.0
732099.5
163712.5
577251.0
20231.070707070707
30978.0
12435.102189781022
10345.478947368421
12181.222972972973
9091.955223880597
82203.20833333333
113407.5
562635.0
76657.0
7319.3125
17584.796296296296
6275.798192771084
25023.67469879518
15175.782258064517
7746.92578125
16375.991379310344
215337.55555555556
286170.71428571426
23891.833333333332
13488.979166666666
150195.0
209302.57142857142
19092.94230769231
123618.0625
212185.2
14814.621428571429
13709.544217687075
222699.0
20762.121212121212
24251.51388888889
22612.653846153848
18093.4
19583.222222222223
517250.0
744916.5
195938.875
21301.6
447452.6666666667
12393.046052631578
473440.0
11456.90322580645
57047.0
21348.938144329895
15581.067669172933
18062.491379310344
9956.626168224298
12904.91304347826
126578.06666666667
285956.0
18671.18918918919
16670.645161290322
87861.15789473684
8140.952380952381
85633.4
21064.323232323233
195723.11111111112
25494.913580246914
5243.015625
44519.95652173913
18095.381818181817
402589.0
21339.61797752809
697.0
9434.23350253807
167778.33333333334
98048.2
-14993.0
11449.160256410256
12950.888157894737
17940.433734939757
19181.282352941176
47617.333333333336
8590.281818181818
18766.780487804877
23752.51851851852
23584.416666666668
-317.3333333333333
19534.67
20083.65306122449
6751.907407407408
7166.029268292683
7792.483606557377
18569.688679245282
19511.755102040817
3481.1458333333335
10336.878205128205
9527.558333333332
186400.0
18741.59405940594
8451.926724137931
601446.0
10802.16304347826
4227.902173913043
9451.81188118812
1111922.0
1120375.0
7277.3233082706765
4906.933333333333
12121.08552631579
85923.52173913043
16875.423076923078
9183.859813084113
18651.796296296296
253672.0
182659.36363636365
10125.248677248677
21306.729411764707
104553.66666666667
123067.5
197204.85714285713
131792.33333333334
439254.0
8109.309278350515
10883.283018867925
350037.0
11775.5375
21272.166666666668
85723.55
189705.5
68072.0
23434.063291139242
11414.66265060241
78145.0
2193.972972972973
76987.36
465636.0
296033.0
11119.402684563758
24701.545454545456
5718.047619047619
12396.324503311258
28.684931506849313
26162.397260273974
16885.108108108107
8594.700460829494
15656.882352941177
18668.132653061224
17606.449541284404
525818.5
17825.396039603962
18967.333333333332
15970.663716814159
17969.50925925926
4087.439655172414
20085.0
228082.2857142857
326814.0
21173.074074074073
6.333333333333333
12833.491935483871
20521.095238095237
18572.159574468085
289309.25
2.0259740259740258
8210.77232142857
12393.46896551724
9032.913333333334
16617.85436893204
18906.389473684212
9409.168316831683
15006.83495145631
13562.10576923077
69352.38095238095
406116.25
18359.27659574468
20455.79487179487
141513.33333333334
9860.263440860215
16856.701030927834
173432.33333333334
7253.5390625
8729.785714285714
224111.75
256.8754208754209
10118.103896103896
18378.95061728395
2406.1279069767443
12558.05
301070.5
2266.0882352941176
131680.2857142857
7132.0970464135025
15411.935779816513
14123.508333333333
1434175.0
278524.0
12453.364285714286
105009.6
5365.629283489096
400004.0
56155.4
17414.447916666668
465462.0
5.7611940298507465
18768.623529411765
17080.384615384617
140383.25
111602.72727272728
10156.08
8634.06474820144
20974.076923076922
212858.6
13.818181818181818
508353.0
5869.344202898551
5002.933962264151
14602.553398058253
53740.566666666666
9188.256983240224
112667.14285714286
4506.514986376022
17356.32978723404
18277.231707317074
35.96319018404908
305983.5
7340.0
-18.5
122309.2
16406.468085106382
8783.007246376812
2667.597222222222
12105.702290076335
1505495.0
261629.4
3884.5021645021643
15999.735632183909
291382.6
1855.687984496124
16483.3
202884.8
-22480.0
13467.175257731958
16401.333333333332
5012.973154362416
29.8
3.6387434554973823
13486.59223300971
15016.413793103447
8826.0
426044.0
124121.75
10384.353846153846
359270.0
9566.152317880795
286338.75
4627.753846153846
11000.71568627451
124.87777777777778
1645.8125
11158.88990825688
10493.610169491525
1518.8088942307693
253893.0
8504.223021582733
8461.870588235293
8376.171717171717
8039.454545454545
12.52020202020202
15276.380952380952
188994.0
11507.135922330097
9449.666666666666
27595.0
10.122222222222222
660.3090277777778
1.3258426966292134
29499.25
9527.51282051282
4096.830601092896
650.8814432989691
235772.5
4160.586872586872
2900.4666666666667
103443.2
807.5091342335187
13752.346666666666
140070.8
38372.24
8749.783018867925
2588.4350453172206
137.73809523809524
7041.254385964912
9951.844444444445
212460.5
93390.0
18.288888888888888
2706.614730878187
171837.2
11.666666666666666
264.45864661654133
267295.0
4.244897959183674
5421.193548387097
5878.0526315789475
4113.54
6521.0
6181.811965811966
4141.720720720721
7289.75
3.091264667535854
17.240816326530613
3026.2124352331607
28222.833333333332
1435.7487804878049
9063.61038961039
5442.8650793650795
7.048192771084337
2.6
4456.5203252032525
2228.6380597014927
32889.3
-41490.0
592.5709342560554
3211.0471698113206
1038.4347826086957
321.05882352941177
410436.0
2.5203252032520327
690.4072022160665
-78.98989898989899
30600.333333333332
124232.0
1469.2436974789916
53.492753623188406
46559.833333333336
12.282894736842104
1917.9489795918366
444.74603174603175
37.91836734693877
18.130434782608695
1.4175824175824177
