0
250
0
0
8
56
3
0
166
0
0
105
0
0
20
0
5
9
2
14
0
3
0
0
0
11
0
0
0
0
0
21
10
0
0
0
0
3
0
2
0
0
0
0
0
30
0
0
0
15
79
9
6
0
0
0
117
0
198
0
0
12
41
81
0
0
22
0
0
0
9
7
22
0
123
0
0
0
1
0
0
0
0
1
7
0
0
0
1
0
0
5
3
3
11
0
0
0
0
0
2
0
0
19
509
0
0
1
0
1
1
251
0
0
0
0
0
1
0
0
0
87
1
0
0
0
0
1
0
13
0
158
0
0
0
0
8
0
42
1
0
8
0
7
0
1
0
0
0
0
0
0
2
0
0
18
0
0
385
12
0
0
14
0
73
1
252
166
0
5
0
0
0
0
0
0
0
0
0
1
30
0
0
94
0
0
0
0
0
0
4
7
0
0
0
1
30
0
278
27
0
2
0
0
0
0
0
0
0
0
0
0
14
0
0
0
0
0
1
0
0
0
30
0
0
1
0
0
0
18
0
0
0
3
1
0
6
0
0
0
0
0
9
0
0
0
0
0
0
0
0
0
1
0
0
0
0
0
8
0
0
4
0
101
9
0
1
0
0
0
14
0
0
0
0
128
0
0
0
344
0
0
0
0
0
0
0
0
2
13
5
0
2
18
194
19
0
116
0
1298
1
0
0
0
0
0
0
2
0
0
0
0
0
1
0
0
0
2
0
0
12
0
118
0
0
17
0
23
5
0
0
0
0
0
0
14
0
0
0
0
0
0
0
147
196
23
0
0
8
0
0
0
0
206
0
0
1
0
0
3
2
0
23
1
0
4
97
63
0
0
0
0
2
23
1
0
0
9
78
0
5
6
2
88
24
0
0
0
0
688
0
0
0
0
6
0
0
2
0
0
19
0
0
4
0
0
0
0
0
0
93
3
0
0
7
5
0
42
0
3
38
1
0
2
0
0
2
0
3
0
0
0
0
0
0
0
0
0
1
0
358
0
6
4
0
0
0
0
109
2
0
0
0
0
0
2
0
0
9
0
0
0
0
26
0
0
0
0
0
3
0
0
280
0
11
0
0
7
0
2
0
24
98
3
0
0
21
0
6
180
4
0
120
0
0
0
2
0
0
0
0
0
12
16
1
0
0
0
3
2
0
0
0
11
79
0
0
6
1
0
19
0
0
0
0
0
1
10
0
14
98
1
16
0
0
1
0
0
0
0
0
82
0
0
0
0
57
0
18
0
0
0
0
4
15
0
83
0
0
0
0
6
0
0
0
448
1
0
0
0
0
0
1
82
0
11
5
1
0
0
0
20
0
0
97
0
122
0
0
0
0
40
0
0
1
0
0
0
0
0
9
0
24
2
0
0
0
0
82
0
0
1
0
14
11
0
4
1
0
3
0
0
0
0
0
0
0
0
1
1
0
2
0
40
1
0
0
1
51
0
0
4
0
0
1
0
7
79
1
0
0
1
12
0
30
0
0
10
48
0
1
13
0
0
1
0
108
13
0
1
19
4
109
19
0
2
0
0
11
0
0
9
25
0
0
0
0
0
0
92
1
4
0
0
0
0
118
3
0
0
5
0
3
0
85
7
0
7
0
0
6
0
7
5
0
0
94
11
0
0
0
0
0
8
0
0
0
0
0
0
5
0
0
0
831
0
0
8
1
4
4
0
0
0
0
0
0
1
3
0
0
0
0
0
12
10
2
0
0
0
0
0
0
0
0
0
126
0
0
0
169
0
0
0
0
0
1
9
1
16
0
0
0
12
18
0
0
0
0
7
200
6
80
0
0
1
0
0
165
0
28
0
0
0
8
40
0
147
0
14
0
0
0
0
0
0
6
0
33
0
0
350
2
0
0
0
4
0
151
0
0
0
0
0
5
15
0
0
0
19
25
0
2
46
0
0
0
0
0
0
9
3
17
5
0
0
0
0
17
721
0
0
0
40
0
3
0
0
2
10
0
0
318
0
0
145
0
4
0
0
8
3
23
5
0
1
0
0
0
5
0
0
1
0
0
0
0
0
0
0
0
0
0
20
5
1
0
0
107
0
1
1
1
0
11
43
0
28
5
0
88
0
0
0
0
13
2
120
2
0
97
0
0
0
152
0
0
96
0
0
0
0
110
17
17
0
1
0
0
0
1
836
124
0
0
0
0
3
33
0
0
0
2
0
38
0
26
4
32
0
0
1
1
0
0
0
1
0
5
9
31
0
24
0
1
2
0
0
0
0
0
122
0
0
0
2
1
0
0
0
0
112
0
0
5
0
0
1
0
3
0
165
3
24
133
0
0
0
3
0
0
0
0
0
2
84
13
248
0
200
0
0
2
10
24
0
0
0
0
0
0
0
1
0
0
0
116
0
0
0
0
0
6
146
0
0
0
0
9
0
4
0
0
5
0
5
2
0
4
0
17
0
0
0
2
0
2
104
2
5
92
0
0
0
0
91
0
152
1
4
0
0
0
0
97
0
0
0
0
0
0
93
0
950
0
0
2
204
0
0
40
30
0
0
0
0
0
0
1
1
0
0
8
23
42
0
0
0
0
0
11
6
0
0
103
0
0
2
0
0
0
0
0
0
34
0
0
0
0
16
0
0
17
5
73
88
0
0
0
0
0
1
0
0
3
21
105
0
0
0
0
0
3
0
106
0
0
84
2
95
0
0
107
0
0
1
0
0
0
10
0
32
0
0
87
4
0
73
3
6
0
1
113
20
0
0
0
119
1
0
15
1
1
0
29
1
13
0
17
7
0
0
0
194
111
0
0
3
3
0
0
124
2
10
120
2
3
81
2
0
0
0
0
0
12
0
0
5
1
0
159
0
124
94
42
0
4
2
0
37
0
3
0
0
0
9
20
1
0
0
9
0
0
0
1
0
0
0
70
9
37
95
23
0
3
0
0
0
0
1
0
164
2
0
20
0
0
0
5
9
1
3
0
0
0
7
9
0
0
2
45
0
0
0
0
0
0
0
14
0
0
0
0
0
27
0
12
0
0
0
122
0
17
4
14
18
1
0
0
2
8
2
3
0
0
0
13
16
8
0
1
361
45
5
0
0
0
6
0
2
1
40
0
0
2
0
74
22
8
8
6
0
838
0
103
2
10
2
0
0
0
75
0
131
0
2
0
107
0
0
2
0
0
65
0
8
0
0
0
26
0
0
194
93
22
0
29
53
124
0
4
116
0
108
2
0
97
18
97
0
128
9
0
0
0
0
0
1
70
0
0
0
88
13
0
23
4
0
0
36
12
0
0
0
1
18
12
97
0
0
0
0
14
0
142
0
0
0
0
121
0
11
0
7
7
48
0
0
0
0
0
3
0
298
18
0
10
0
1
0
0
0
0
0
0
0
3
93
0
206
0
0
129
136
23
0
11
0
0
0
0
7
6
0
224
0
97
0
1
0
0
4
74
0
206
194
4
0
0
0
4
0
0
106
5
0
3
0
0
0
0
0
0
0
0
8
0
8
0
0
0
1
7
0
0
9
0
0
0
0
0
92
0
0
0
0
0
44
0
0
3
16
2
0
244
0
192
10
0
0
11
97
0
21
23
0
0
0
0
0
7
0
0
0
0
0
0
106
7
0
0
52
5
0
0
0
0
213
0
0
3
2
65
0
22
2
0
0
0
0
0
0
0
0
0
0
0
0
0
0
0
7
0
133
0
0
17
159
0
0
2
121
0
24
17
223
0
32
0
83
0
8
87
2
0
0
0
65
48
0
86
0
0
3
0
0
36
0
445
60
0
0
1
11
17
0
10
0
0
0
0
13
1
0
0
0
14
0
104
5
0
0
14
5
0
0
0
2
0
0
0
0
35
0
0
0
0
0
0
1
1
0
4
2
169
0
0
14
1
0
0
4
1
0
74
0
0
0
7
153
0
243
0
0
177
7
0
0
0
0
0
0
0
91
0
0
104
1
0
0
90
0
4
6
2
0
76
0
0
0
104
0
1
89
0
1085
2
0
110
0
79
220
0
0
0
8
0
86
7
0
125
177
0
10
0
3
0
0
4
0
0
0
0
0
0
0
4
0
6
45
1
0
121
321
0
0
0
0
0
1
13
4
0
0
0
0
0
0
0
12
1
1
0
0
0
0
0
0
0
0
104
0
0
9
9
5
0
0
152
265
0
0
1321
1
0
1
0
4
0
0
0
4
22
23
162
0
0
2
0
2
3
10
0
126
13
17
0
4
66
7
0
0
114
0
0
0
131
0
86
2
8
0
0
0
0
0
109
6484
31
0
24
0
0
0
17
6
2
1
0
0
0
2
112
6
0
5
0
0
0
1
3
0
0
7
0
0
0
17
18
163
0
20
61
0
144
1
0
0
9
0
0
6
0
0
0
11
0
0
0
0
0
75
0
0
2
0
0
0
2
11
0
0
3
6
1
6
5
0
213
0
9
51
20
0
0
1
0
0
0
0
0
0
0
0
5
0
4
1
70
146
0
0
1
95
7
12
5
0
0
2
0
0
0
131
150
40
23
1
0
0
3
138
0
0
0
1
0
82
73
3
0
7
209
0
1
0
8
1
14
4
0
0
104
0
0
192
3
19
3
18
4
9
0
8
5
0
1
0
0
0
0
0
0
0
0
0
0
0
0
0
0
0
0
0
6
0
4
0
90
0
0
0
0
12
5
11
0
38
0
0
1
0
0
369
0
0
164
2
0
0
0
0
88
1
0
5
0
0
4
0
0
0
150
0
1
15
0
2
21
0
5
100
8
0
0
259
10
0
68
17
2
0
81
66
0
8
0
0
1
0
10
1
82
8
0
0
120
0
164
2
101
106
15
156
0
0
55
17
5
23
0
0
0
5
0
83
0
0
125
6
0
0
0
1
112
187
1
0
0
0
0
0
11
2
0
0
0
0
0
0
0
0
1
0
0
1
143
0
0
5
79
97
0
0
124
1
5
0
72
0
0
0
0
0
4
0
0
92
0
0
517
0
0
4
11
7
1
2
15
2
1
0
0
78
0
0
0
5
0
0
0
0
36
0
87
1
0
0
0
3
23
18
0
0
0
0
274
0
4
5
0
0
0
16
24
1
0
0
101
3
10
3
0
1
0
5
1
910
25
0
10
0
0
10
0
0
287
0
0
0
1
6
0
51
2
28
0
0
0
0
11
80
0
0
0
49
4
0
3
0
0
0
93
0
323
39
5
2
8
0
0
0
4
0
0
0
0
0
16
0
61
238
0
149
0
14
2
203
0
159
0
7
0
1
4
0
0
126
0
3
0
1
0
0
0
0
4
0
7
0
4
18
0
0
1
0
0
0
0
0
0
11
0
0
0
0
0
0
0
0
0
3
1
0
0
0
0
0
0
0
0
0
0
0
0
87
7
0
18
0
13
0
0
0
1
0
17
0
1
1
0
0
0
13
0
0
0
30
111
128
0
0
0
32
101
0
0
8
1223
50
0
0
1
0
84
0
0
0
2
79
3
2
0
0
166
0
6
2
0
2
0
0
15
0
0
0
0
0
0
0
0
1
0
0
3
0
0
3
0
0
146
2
0
0
0
6
0
6
1
2
0
0
0
0
0
9
98
8
0
0
0
126
0
0
4
19
3
0
0
0
7
15
0
0
0
0
3
0
0
0
1
0
0
137
0
0
0
8
1
0
0
0
0
2
0
3
0
2
0
0
0
2
137
29
0
8
0
0
0
1
0
4
0
120
0
0
23
0
0
3
0
118
0
2
3
3
0
5
0
3
5
0
0
114
0
92
0
8
11
0
0
0
0
4
0
0
0
0
0
59
0
1
0
0
4
0
0
27
0
0
0
1
0
38
109
0
0
1
0
16
0
5
0
0
0
0
4
88
0
0
1
0
8
2
63
3
4
0
6
0
248
0
0
0
0
0
1
35
0
2
24
9
0
0
0
8
0
52
0
4
0
2
0
0
0
0
216
2
7
0
1
0
0
85
0
1
0
24
2
0
0
94
0
60
0
0
168
0
0
87
0
0
7
4
12
508
0
0
161
0
0
0
2
0
2
0
142
0
67
0
0
0
13
11
0
0
0
0
1
1
0
2
0
0
1
0
1
867
1
100
24
12
2
149
0
11
0
328
0
0
0
9
1
14
0
1286
0
2
4
1
0
0
1
9
56
1
2
0
0
1
1
0
0
0
15
96
0
4
6
9
0
0
0
0
80
0
83
59
20
0
24
1
114
8
0
0
0
0
0
155
0
12
0
0
0
103
1
0
0
0
3
0
0
0
0
21
0
0
0
1
3
220
4
0
0
0
0
0
0
0
24
0
0
0
0
4
0
0
1
13
0
0
89
1
0
0
0
118
1
25
27
0
0
0
0
28
0
80
0
4
8
0
0
9
0
0
2
9
0
0
85
0
1220
31
0
0
0
0
0
0
4
6
4
2
3
131
2
2
0
9
15
0
199
2
1
0
0
14
0
79
13
0
1
0
0
0
0
5
81
0
1
0
0
1
0
49
13
3
0
0
9
91
0
0
0
0
0
17
0
0
936
1
0
0
0
10
0
19
138
92
0
0
3
1
0
0
0
20
12
8
0
0
3
7
0
24
13
16
0
0
3
12
0
99
18
0
0
0
0
0
2
0
11
0
0
3
132
0
0
14
7
144
2
2
156
71
0
6
0
112
0
5
12
0
0
0
11
0
0
0
9
0
0
2
73
1
29
0
2
0
176
0
14
0
90
0
0
0
0
0
150
2
76
0
0
50
104
6
0
0
0
0
0
0
0
0
0
0
0
7
41
0
5
210
0
0
0
1
0
0
0
2
0
0
0
3
0
0
0
0
21
2
15
0
0
0
4
0
1
0
0
2
18
47
17
0
0
3
0
0
0
92
0
0
0
0
78
0
0
0
71
1
0
0
0
5
0
0
12
19
0
2
0
4
0
283
0
63
0
18
0
88
0
3
12
0
0
2
0
4
3
0
0
0
141
2
141
0
0
0
3
12
0
10
0
105
1
0
15
8
0
166
0
0
12
3
10
1
0
0
9
4
0
1
0
0
0
26
0
113
2
28
135
1
0
15
0
0
0
82
0
0
0
0
9
124
0
0
5
4
0
0
1
0
0
3
0
0
0
0
1
0
0
0
2
18
0
0
0
0
0
0
0
1
0
2
0
7
0
3
0
3
587
485
0
3
0
0
8
1
9
138
0
149
0
1
0
5
28
0
1
0
0
0
0
0
0
0
2
0
2
0
3
0
2
94
35
4
0
1
0
0
0
20
85
0
16
103
0
0
0
0
0
101
3
0
8
78
0
0
107
0
5
0
0
15
6
2
7
0
0
4
0
17
1
4
4
16
9
0
261
0
57
0
0
151
0
0
4
0
0
0
84
0
1
1
0
6
103
0
0
13
0
0
0
0
0
2
0
0
0
0
0
0
3
0
11
0
5
15
0
2
7
0
0
0
2
0
0
0
0
3
39
134
0
0
0
1
0
0
0
6
0
0
101
1
26
0
0
0
7
14
0
0
1
24
42
1
1
258
2
0
0
0
0
0
0
10
1
0
0
5
0
0
134
4
0
170
0
0
0
0
0
4
4
11
4
0
3
0
95
101
69
1
6
0
0
24
10
0
88
81
2
85
2
1
11
4
2
114
28
19
0
66
5
0
229
77
0
0
0
0
5
60
0
0
66
0
0
4
0
0
0
0
0
0
0
0
2
0
9
0
0
22
1
0
1
154
0
1
2
0
128
0
0
0
1
10
0
0
3
0
252
0
19
14
12
0
71
3
0
10
0
3
3
0
154
0
112
1
0
120
0
0
0
8
0
24
45
0
1
0
0
0
166
1
0
0
0
84
1
0
0
0
39
0
0
0
1
45
0
2
4
0
0
2
0
3
5
0
0
0
2
4
1
0
0
1
27
20
0
9
0
9
0
1
0
0
1
0
12
0
7
0
0
0
4
0
0
10
2
5
2
0
0
13
0
2
2
0
0
0
0
13
0
132
155
2
106
0
9
0
0
0
0
1
0
7
0
0
0
0
0
0
0
0
0
6
0
405
0
3
66
0
11
99
0
30
46
0
0
0
6
182
112
78
174
0
0
0
0
0
0
5
0
0
0
0
0
0
2
0
0
0
0
0
0
20
0
6
48
0
0
5
0
0
0
29
262
0
0
5
0
1
0
65
100
13
12
0
0
0
20
1
0
3
2
41
1
92
0
0
0
33
0
1
0
0
73
0
27
0
0
0
132
2
168
0
20
0
0
0
0
0
0
8
0
117
0
4
0
125
0
5
0
0
105
0
41
0
0
0
2
0
9
80
3
3
0
0
0
0
32
4
0
0
0
15
0
22
10
2
0
0
4
0
0
4
20
1
54
0
0
20
4
0
177
1
101
24
0
3
0
116
0
0
0
3
0
0
5
95
0
0
0
0
0
2
0
33
0
0
2
24
0
3
0
0
1
1
0
0
0
0
0
27
102
0
205
152
1
0
0
0
129
0
0
1
0
0
6
0
0
4
0
0
0
2
0
4
47
0
5
0
132
43
0
0
0
196
1
0
0
1
220
0
0
0
1
0
27
1
0
0
33
0
1
0
0
4
0
202
1
0
2
0
0
1
0
1
0
140
91
1
7
0
0
3
91
75
17
0
0
0
159
1
2
0
0
0
2
0
0
12
23
4
0
0
0
28
5
5
0
0
3
0
0
3
15
1
0
0
2
0
1
0
6
0
0
0
31
0
294
0
0
2
0
4
1
0
0
0
4
0
0
0
18
89
0
0
0
32
0
0
141
1
1
1
1
0
0
4
0
0
11
5
3
0
0
2
0
6
0
0
0
0
0
0
0
0
0
0
4
9
15
5
0
0
0
0
0
0
1
0
0
63
0
0
0
0
0
0
1
2
19
0
0
3
2
13
0
0
0
26
6
0
70
88
0
5
1
0
8
0
0
34
0
31
0
4
0
0
0
85
20
0
22
0
5
0
0
6
0
0
1
7
7
2
0
2
43
0
0
0
0
0
2
3
1
0
0
1
10
34
0
0
13
0
211
0
0
99
0
2
122
1
2
0
0
7
0
0
0
0
26
3
168
0
0
579
325
0
382
0
213
82
1
0
0
89
0
238
0
7
0
0
107
0
2
0
0
0
0
1
0
0
1
3
0
4
9
0
1
129
0
0
0
0
0
38
0
101
1
6
0
0
9
19
102
0
0
0
0
7
0
4
0
0
0
0
2
0
3
4
1
2
0
1
18
70
0
3
9
1
0
7
334
3
0
0
0
0
101
0
0
0
0
208
79
0
0
0
0
101
0
1
0
96
3
1
10
0
311
8
1
0
97
0
30
0
0
154
0
4
0
0
4
0
0
147
0
12
1
3
85
7
0
0
0
0
0
0
0
139
0
86
29
0
0
0
0
1
6
3
0
584
0
0
0
103
223
48
0
0
8
0
3
4
0
84
13
10
2
5
0
0
1
91
2
16
86
143
0
0
11
0
0
3
1
0
13
0
8
106
2
7
2
3
4
0
0
3
0
0
0
0
12
0
2
0
0
0
3
0
0
93
7
0
10
5
0
0
0
0
1
2
74
0
70
0
9
104
1
0
0
0
5
1
0
0
6
4
170
18
9
0
0
0
0
0
76
0
20
0
2
0
0
0
1
1
3
0
0
5
0
5
0
2
36
0
0
0
0
0
0
0
1
0
0
38
0
0
0
0
16
0
2
0
187
0
11
1
0
0
0
1
11
0
0
0
50
0
0
0
0
8
0
6
40
0
229
127
0
18
0
0
1
8
127
123
0
26
24
0
0
0
131
7
0
13
6
23
0
0
89
6
0
19
2
0
0
0
3
93
0
17
0
0
0
2
0
0
93
1
2
31
0
83
1
4
0
0
0
67
19
85
3
11
11
0
8
0
213
3
8
1
22
0
0
48
0
0
92
0
49
0
122
16
3
0
215
1
0
0
1
0
3
0
7
0
0
4
166
95
0
0
121
2
0
0
0
2
1
0
0
1
0
0
0
0
0
0
12
2
0
0
85
0
13
0
0
0
7
9
9
0
0
0
0
0
16
4
0
0
0
0
0
0
0
4
0
20
93
0
0
20
81
0
0
0
11
0
1
1372
0
0
147
3
0
0
0
0
3
90
0
0
3
0
0
0
0
1
6
0
0
1
0
0
0
1
4
0
5
12
28
1
215
1
0
100
2
15
0
113
0
0
0
5
0
4
121
0
0
0
0
0
0
15
31
0
139
0
0
0
14
0
4
0
67
1
474
3
1
0
0
0
0
103
1
0
0
140
0
0
34
0
0
2
7
21
1
2
4
0
0
0
104
0
0
0
97
4
0
0
81
0
109
0
6
14
0
83
0
0
24
78
138
13
10
88
0
0
4
0
0
85
6
0
250
16
256
0
349
4
0
0
148
0
4
0
0
0
105
263
49
0
0
0
0
0
0
89
97
2
4
238
0
133
2
103
0
0
0
10
0
2
0
5
0
1
97
0
0
1
0
75
7
84
0
5
0
3
17
0
11
94
0
0
127
4
100
5
4
122
353
50
0
0
0
8
0
0
0
45
20
5
0
144
136
0
420
10
242
0
2
221
0
2
0
0
0
31
105
0
22
0
6
122
223
0
3
0
0
1
0
0
29
1
0
0
0
0
17
7
0
0
1
3
0
0
0
50
0
0
0
0
70
1
7
0
0
0
0
6
0
0
74
4
0
4
0
0
1
81
5
32
0
0
0
54
103
0
77
0
1
1
0
0
0
2
6
0
0
0
0
82
11
268
0
0
0
0
10
0
266
35
0
1
0
142
0
80
0
84
10
0
53
0
0
3
0
6
105
0
76
0
0
0
0
0
0
4
0
0
0
0
10
2
18
4
0
4
173
0
0
0
0
0
0
0
117
37
2
29
0
0
7
9
0
3
50
0
17
1
0
0
0
0
0
79
2
1
0
106
54
0
0
0
0
0
1
10
0
3
0
20
123
0
0
0
0
122
0
0
1
3
0
0
77
0
2
0
0
0
0
81
0
0
5
15
0
658
0
1
0
0
0
6
133
0
97
0
0
2
0
0
14
9
0
55
0
2
0
0
6
38
0
0
25
13
0
39
0
0
11
0
0
107
0
0
50
0
38
16
0
0
118
0
53
0
0
0
116
0
1
4
114
0
228
16
0
0
0
0
0
0
0
10
148
5
0
0
3
0
25
103
0
4
0
0
0
1
0
0
0
16
2
0
7
0
113
0
0
0
0
0
137
3
0
37
0
1
2
0
1
2
0
0
54
0
0
8
0
0
0
1
0
655
0
23
0
0
1
15
0
3
4
0
19
0
0
0
0
0
246
0
3
6
9
1
1
2
100
0
0
3
11
108
1
0
4
0
4
0
0
71
16
0
0
0
144
0
0
0
0
0
9
0
0
1
6
7
77
2
1
3
83
0
139
0
45
0
715
0
168
0
0
0
1
76
0
0
0
0
8
0
0
87
1
0
0
0
0
26
1
1
0
0
89
0
2
0
0
10
0
1
3
2
0
0
0
0
0
0
0
5
0
412
0
0
94
4
0
0
350
0
13
0
0
0
0
1
0
22
2
0
0
0
0
0
0
0
1
0
225
1
0
4
2
0
101
0
0
0
0
1
0
28
130
0
0
37
0
0
2
0
253
0
0
37
90
30
30
0
0
0
4
0
5
1
0
118
4
1
3
2
1
0
0
9
144
2
2
12
0
0
2
0
0
0
0
1
0
28
0
0
0
1
0
0
0
0
0
0
0
0
0
2
0
0
3
13
0
7
0
21
0
0
87
6
124
0
3
0
0
0
0
5
0
0
0
0
0
4
2
0
2
0
0
2
0
0
0
2
26
0
0
0
0
0
164
367
13
0
0
2
132
73
3
0
0
0
0
0
0
0
0
4
0
53
12
0
0
0
0
165
1
0
26
0
0
6
10
8
3
0
2
9
2
0
2
0
0
0
128
63
0
0
12
0
0
0
0
31
99
2
0
120
5
33
8
10
0
1
0
0
5
151
0
6
2
11
5
1
1
0
89
0
0
0
0
136
0
0
0
0
793
0
140
1
66
0
4
14
0
0
0
0
79
120
124
14
4
0
0
41
0
0
102
0
0
0
0
3
0
1
120
0
0
0
13
0
2
0
4
49
0
8
117
0
0
0
0
0
23
0
0
0
0
0
2
0
0
50
155
0
7
89
0
0
0
13
0
3
0
2
0
14
0
0
10
130
2
2
0
98
9
7
231
0
0
216
1
49
0
0
2
0
0
172
23
0
16
1
27
0
94
0
0
0
0
22
83
11
195
104
0
4
1
3
0
21
51
0
1
0
0
0
0
5
0
0
9
0
41
76
0
1
0
68
0
0
0
0
1
0
0
18
0
96
0
0
4
0
0
162
39
12
57
0
0
89
10
12
0
0
2
2
0
0
0
0
3
0
5
0
0
29
26
0
0
0
8
4
4
120
0
29
29
0
214
0
91
0
35
0
0
0
11
0
97
0
6
99
0
2
0
0
156
2
3
0
2
0
0
0
0
10
0
0
0
110
1
0
8
102
0
0
142
37
0
0
0
0
83
0
100
88
4
0
1
98
0
0
0
0
213
0
79
0
0
171
0
0
0
0
0
4
0
0
1
5
0
108
0
3
0
0
0
0
0
0
87
0
0
0
0
0
0
10
3
9
0
132
0
91
0
7
0
0
23
0
0
97
71
3
0
0
6
0
0
108
1
0
0
0
115
0
0
0
0
0
0
1
0
82
0
0
0
0
0
0
0
0
0
0
0
0
96
0
85
1
92
0
4
0
4
0
149
0
98
0
0
0
77
7
5
0
0
0
0
0
0
0
29
16
5
0
0
4
54
0
0
3
496
0
0
1
79
103
0
0
0
0
76
0
0
2
0
130
99
0
0
0
8
5
0
0
306
0
0
276
5
4
0
0
38
215
0
0
34
0
214
0
123
0
1
47
0
92
3
3
5
0
1
0
0
1
0
0
114
79
181
140
0
2
0
0
0
124
0
0
29
0
80
16
68
0
1
138
86
0
4
0
0
1
0
0
0
1
0
0
0
0
101
0
0
0
0
0
0
0
29
0
0
1
0
169
88
1
9
110
6
3
1
0
0
0
0
0
1
88
0
7
0
0
0
0
2
3
0
0
3
90
0
0
0
46
3
127
0
5
56
10
0
0
76
5
0
0
8
0
0
0
0
0
1
0
86
0
84
0
0
0
0
0
107
33
68
0
31
122
0
0
0
0
0
0
0
0
770
5
1
95
0
10
154
0
0
0
0
10
0
9
2
0
9
0
0
0
0
0
0
2
5
0
0
4
8
0
146
0
0
0
0
0
9
0
0
85
0
0
0
77
21
76
21
0
147
110
1
15
10
5
1
42
0
0
0
1
11
3
2
9
3
0
5
0
0
0
2
0
0
0
4
573
0
5
24
0
83
106
1
93
0
0
28
56
1
0
24
12
30
69
1
0
0
408
3
0
0
0
0
0
11
521
0
13
0
0
0
0
2
0
0
103
0
0
0
367
0
4
0
0
96
172
49
50
2
0
3
131
21
0
0
8
89
5
0
1
0
0
0
0
16
0
22
0
16
0
123
21
0
0
0
0
4
0
0
0
0
19
4
108
0
0
37
0
381
0
0
1
0
19
116
0
0
40
0
69
6
0
0
1
35
102
0
0
0
0
0
0
90
115
78
3
80
0
0
1
0
0
87
0
152
0
0
107
1
0
0
7
0
88
0
0
24
1
0
0
95
0
28
0
0
89
0
3
0
0
0
0
0
0
102
0
115
0
18
0
1
0
0
0
0
133
20
89
73
0
84
122
0
0
4
0
0
0
0
112
0
319
111
0
1
124
0
2
0
0
175
4
0
0
0
10
0
49
4
2
187
98
9
0
11
14
0
80
71
21
83
0
0
62
0
0
0
7
81
539
0
0
0
0
0
177
0
87
7
8
94
0
0
168
1
6
129
131
72
0
3
0
0
85
0
0
0
257
14
8
135
71
0
193
39
0
0
0
0
96
125
0
0
196
0
3
138
24
0
0
111
4
0
15
0
242
0
215
0
5
0
5
110
1
7
0
109
0
0
6
0
0
0
0
0
4
2
0
0
93
142
1
0
85
108
0
1
0
0
0
0
99
0
0
125
10
0
4
0
1
0
0
6
1
99
543
27
0
0
0
0
0
14
1
0
0
0
67
0
1
2
0
0
97
11
36
0
5
84
0
0
0
16
93
0
0
0
0
4
0
0
6
94
7
2
99
1
0
96
0
111
299
0
0
159
0
0
0
0
117
0
0
164
0
0
0
0
30
0
94
0
11
0
0
0
0
0
29
0
51
0
0
0
0
144
4
14
19
1
196
146
1
0
4
0
1
0
0
0
86
0
0
0
10
0
1
199
17
52
1
154
0
0
2
659
8
0
0
5
176
80
1
33
1
0
4
0
0
0
1
0
1
0
0
0
0
0
0
0
0
0
1
0
67
0
398
74
0
212
177
10
176
13
0
3
0
0
8
0
8
43
0
0
0
43
0
0
88
0
85
0
2
6
0
4
5
0
6
93
379
0
0
0
0
169
0
7
168
0
0
0
7
0
222
0
3
0
62
122
19
0
11
12
100
0
261
106
0
37
0
0
4
0
80
10
391
0
0
0
2
168
1
0
0
0
1
82
152
1
2686
14
0
0
70
0
89
27
0
0
293
2
0
41
82
0
107
1
98
0
0
0
0
0
0
159
0
0
100
1
3
13
0
3
98
0
131
0
0
133
0
132
2
0
0
98
0
73
0
0
326
56
0
10
0
0
30
1
1
0
1
7
365
0
0
0
84
0
150
2
1
0
89
6
0
0
0
0
0
0
154
1
8
101
0
0
0
0
41
148
10
0
18
2
1
0
0
6
0
17
0
2
5
0
0
95
160
0
0
0
0
0
0
0
0
0
1
0
0
0
0
0
0
78
87
0
0
0
0
46
31
0
7
0
99
3
7
1
0
131
133
841
18
122
1220
0
1
47
0
1
0
0
113
0
0
0
616
0
0
0
0
239
0
0
0
2
0
93
219
0
0
50
0
0
0
100
50
1
0
88
0
0
1
0
33
11
11
0
27
0
0
0
0
0
3
0
0
0
0
0
2429
5
73
109
0
2
98
0
97
0
0
93
0
15
0
0
0
1
12
33
0
0
9
8
87
0
3
74
182
0
0
0
0
0
97
0
0
6
0
0
97
110
11
122
10
0
0
8
6
177
81
139
0
0
9
0
0
0
0
0
16
0
0
0
0
0
0
83
2
0
88
0
61
87
0
88
39
0
0
0
0
0
11
0
0
0
124
11
107
0
74
0
109
16
0
8
0
1
0
0
125
0
0
0
91
0
0
133
246
2
198
0
0
4
10
0
2
0
16
0
113
0
0
93
86
0
106
0
0
7
0
0
111
18
12
5
0
0
26
0
32
18
0
0
0
0
0
0
0
0
0
0
167
0
0
134
0
2
0
0
0
0
0
18
0
6
96
0
0
0
0
10
0
87
0
12
0
38
0
0
5
0
0
110
0
0
0
0
7
10
197
0
0
0
0
136
2
0
0
0
4
0
0
0
15
0
0
0
5
0
2
0
2
16
9
0
88
0
11
0
0
6
0
24
0
0
107
0
22
0
21
1
0
0
0
0
0
0
3
0
0
0
5
0
285
0
2
7
13
0
98
0
0
71
4
7
0
0
0
10
0
4
0
31
1
125
75
0
6
82
0
2
141
0
0
0
40
5
0
0
0
0
0
0
77
2
122
0
17
0
136
65
153
76
0
0
0
0
101
1
97
115
0
0
0
0
0
111
135
0
125
85
3
2
0
0
19
12
0
92
1
1
0
0
147
0
3
0
0
0
0
0
8
91
79
195
76
0
0
119
0
0
4
0
0
2343
192
3
0
1
44
0
0
0
133
81
0
4
171
0
0
130
4
83
3
9
0
0
0
402
0
108
0
0
0
84
7
103
2
168
0
68
86
0
0
0
0
11
5
57
0
80
0
0
92
2
10
0
0
1
3
137
5
0
23
0
0
148
27
5
18
79
0
16
140
112
0
0
0
0
6
0
1
0
0
0
17
0
92
1
1
0
0
0
1
0
0
0
0
0
8
16
97
0
0
0
0
0
88
0
0
173
3
0
4
7
0
2
7
0
0
3
0
0
99
57
0
0
0
48
69
0
85
3
0
0
80
1
0
100
0
0
350
69
0
3
104
5
9
1
115
0
0
0
0
122
0
0
78
0
199
7
0
86
0
78
0
231
109
10
0
92
88
85
0
38
0
0
0
207
4
26
40
2
0
0
163
2
158
0
0
1
0
78
3
5
1
7
9
20
0
6
153
0
0
0
0
1
1
0
8
112
102
0
107
0
17
177
0
0
0
148
40
87
0
6
129
228
0
48
99
0
0
0
0
436
0
0
0
0
111
0
4
0
67
4
0
4
16
137
147
0
21
250
0
0
0
0
1
136
2
0
118
0
0
0
168
5
0
0
0
0
1
2
0
0
60
23
0
86
6
0
8
0
1
24
2
0
110
201
86
3
0
0
0
127
0
0
1
4
0
140
0
20
4
105
0
0
21
165
0
0
0
2
29
203
1732
0
0
205
2
86
0
79
171
2
173
0
0
81
2
0
27
79
1
0
167
0
107
3
79
85
0
1
3
28
3
119
2
74
87
125
1
12
15
181
0
3
0
0
0
3
267
2
132
0
2
0
0
0
0
0
2
21
0
77
1
0
0
88
101
20
137
0
153
116
2
6
146
3
3
3
91
17
84
20
0
0
17
0
15
0
78
104
0
22
90
9
19
7
0
0
0
0
0
1
135
0
6
4212
0
0
0
82
0
0
113
0
0
0
0
0
8
81
4
0
0
88
0
182
1
0
0
18
37
0
0
4
0
0
0
0
143
86
22
98
0
90
5
196
0
2
1
0
0
8
0
1
14
99
1
81
0
25
45
0
0
0
11
0
0
1
0
0
0
0
0
1
112
3
0
0
3
0
148
0
92
0
145
56
4
1
91
1
111
0
78
5
0
7
0
244
0
117
101
0
0
5
0
129
70
0
0
0
1
90
0
0
0
91
0
1
81
2
0
0
128
0
0
1
0
0
7
0
2
103
139
0
1
0
105
89
0
1
0
321
0
0
0
0
21
0
10
96
0
2
227
2
3
0
0
0
0
165
192
113
13
0
10
0
36
1
1
15
85
5
0
12
77
0
12
0
0
111
14
5
2
46
121
0
113
0
85
4
4
0
42
2
100
111
0
0
0
70
0
11
3
128
0
1
0
0
81
0
10
0
0
6
0
40
2
9
104
331
2
2
2
0
5
7
0
3
0
0
108
63
0
2
8
2
0
101
0
0
0
0
68
157
103
1
0
11
82
0
0
0
0
26
97
0
4
0
0
0
88
0
0
102
0
9
26
17
0
0
119
2
0
26
92
0
48
123
3
12
30
1
0
0
61
11
102
0
1
0
0
101
0
0
0
0
0
0
0
7
2
64
0
0
115
0
0
9
97
99
1
17
177
0
0
0
0
81
881
136
10
0
0
35
21
0
155
0
288
119
0
156
0
0
92
44
0
0
1
0
33
17
0
3
124
0
79
2
9
0
89
7
0
1
87
1
0
105
0
0
141
156
6
6
48
0
0
105
6
1
11
0
93
3
0
10
3
0
0
0
0
16
0
0
0
1
5
100
0
117
172
0
0
0
11
110
172
87
273
43
10
0
151
0
138
23
133
0
262
1
0
0
0
95
0
0
0
111
0
4
168
0
93
2
7
103
41
13
102
5
100
0
176
116
215
54
4
0
93
115
5
22
0
0
0
0
216
0
22
16
79
78
155
0
3
186
114
0
110
0
88
0
0
192
0
2
0
4
204
8
217
0
0
638
0
0
0
0
1
11
438
113
9
16
0
0
0
139
22
0
52
87
111
0
0
0
79
146
0
8
12
91
101
110
0
89
478
0
17
0
82
5
1
0
0
0
108
162
276
119
0
144
0
96
37
0
281
0
0
9
296
76
73
0
0
4
3
124
102
0
0
0
84
0
0
94
2
107
0
0
108
1
127
2
84
1
6
87
604
0
128
149
1
0
1
4
21
1
137
82
2
27
0
28
2
0
45
0
0
250
0
0
15
6
0
1
0
283
0
0
98
0
4
16
117
0
2
0
33
98
0
100
130
179
4
7
0
108
2
148
133
6
3
0
0
0
353
139
82
51
8
3
91
106
78
0
14
9
1
145
27
0
0
0
1
0
162
0
0
81
91
0
99
68
47
124
0
0
72
0
0
0
0
77
93
1
93
8
0
65
9
0
132
32
0
122
0
9
0
130
2
60
0
83
161
152
86
81
54
89
0
1
0
85
2
0
0
118
99
0
167
157
2
0
112
0
0
79
1
0
179
0
0
12
0
1
0
1
103
7
0
0
0
0
0
122
196
79
0
352
78
119
0
0
203
1
4
119
11
0
119
0
1
0
0
0
0
978
122
0
2
1
1
14
93
89
95
0
0
1
68
0
3
3
0
3
202
62
1
99
0
120
199
0
119
256
0
116
132
129
76
6
1
0
117
56
0
203
13
3
0
20
30
24
0
83
8
5
0
0
105
149
0
91
78
103
108
93
156
3
103
0
88
0
0
14
130
0
87
0
0
146
60
89
0
2
0
0
0
54
160
9
93
0
161
0
83
112
0
86
0
91
160
0
144
91
0
3
75
0
2
0
9
0
0
107
115
0
96
0
184
382
0
93
106
0
0
168
0
0
2
637
111
0
10
807
0
5
222
102
0
0
11
117
0
0
1
3
0
2
2
3
0
0
228
0
2
1
0
176
0
5
150
17
0
72
314
2
8
0
0
0
0
0
0
1
108
2
98
0
91
0
1
10
13
0
118
0
35
0
0
0
0
8
82
0
18
143
0
238
172
80
82
17
0
168
68
3
0
0
27
0
17
0
12
10
0
88
0
118
76
0
84
3
1
0
137
77
31
30
0
7
134
233
0
3
0
0
0
27
27
116
0
0
140
109
1
0
2
10
0
0
82
0
8
0
0
4
0
61
115
0
1
124
48
1
43
176
167
98
0
23
0
9
96
0
103
84
5
0
2
118
0
0
5
17
136
5
0
133
9
9
0
1
0
144
0
0
0
1
23
0
9
0
1
47
3
107
166
0
1
0
10
192
85
86
127
142
0
0
0
141
119
0
0
123
0
129
39
0
1
0
203
0
0
83
160
0
31
1
94
5
2
110
0
0
124
38
0
482
0
87
0
43
0
94
0
15
0
5
4
0
181
4
97
0
0
0
0
102
0
267
65
86
0
86
71
0
0
84
152
0
34
2
0
116
0
0
35
91
0
78
214
95
6
0
13
5
0
131
112
8
6
0
36
126
0
0
0
0
4
0
0
0
6
666
16
74
8
0
1
104
1
0
0
0
0
282
84
0
2
0
0
0
99
8
0
128
0
126
0
0
171
0
67
93
0
44
3
325
0
102
0
85
122
0
37
0
85
1
0
128
97
0
299
0
0
0
0
57
0
129
88
0
22
0
260
2
164
75
83
0
0
0
0
0
0
127
0
0
155
46
0
0
0
10
106
0
85
23
115
112
51
0
2
2
0
81
240
0
3
1
1254
4
0
90
1
20
3
76
6
161
0
0
85
0
2
8
10
0
0
0
0
0
114
132
9
0
4
1
0
0
0
0
85
9
82
95
0
0
80
0
4
0
0
0
0
0
0
79
80
88
5
164
80
3
101
0
0
32
97
0
0
0
0
1
0
0
86
81
0
0
56
0
93
72
38
0
0
0
0
0
3
1526
0
94
1
23
164
0
0
0
1
84
185
0
0
0
14
351
1
0
24
0
0
83
105
149
156
0
134
0
0
78
2
98
0
18
106
4
114
0
99
1
0
101
0
15
85
159
103
100
0
14
0
0
22
94
0
137
80
124
2
172
4
0
80
101
234
2
2
21
117
4
124
11
93
2
5
0
494
3
0
80
6
4
0
0
93
112
204
111
112
41
0
88
77
79
138
0
0
0
0
0
7
0
0
0
0
0
80
97
0
0
107
0
91
80
39
0
208
0
13
88
79
119
0
139
0
0
0
57
0
267
2
0
3
0
0
4
0
0
5
2
82
0
0
40
728
0
0
3
0
0
0
0
3
4
0
0
0
2
148
0
89
119
127
22
295
101
159
0
80
0
0
2
117
0
0
108
140
0
0
99
101
0
0
78
100
3
132
110
1
8
126
0
95
0
88
0
175
29
241
530
0
86
188
106
0
6
0
44
0
78
92
0
306
0
1
669
90
0
0
1
11
92
5
94
128
81
93
89
278
134
8
0
92
128
0
0
0
1
0
0
119
0
54
0
0
96
3
85
0
0
8
88
102
88
171
0
1
0
89
1
0
2
146
81
104
76
90
0
4
0
0
0
99
2
0
0
134
117
113
3
0
126
0
0
0
108
0
110
0
104
1
0
45
14
419
1
3
125
117
0
0
92
194
451
7
1
0
0
0
114
96
0
99
1
0
91
0
79
124
250
124
0
0
3
104
0
63
86
10
85
2
1
99
19
19
87
79
131
2
77
0
0
4
0
0
84
152
0
9
321
49
93
0
16
17
97
93
0
0
2
0
122
162
98
0
40
0
41
1
81
0
81
0
139
0
588
83
0
14
93
7
0
232
0
0
170
0
0
1
84
115
0
0
109
70
720
3
103
0
18
83
0
76
130
192
131
81
11
0
11
77
104
0
0
0
0
109
2
11
0
0
0
0
34
0
80
3
105
89
37
3
1
0
0
8
101
0
0
111
105
19
1
3
0
0
77
2
24
107
2
0
100
1
10
6
81
0
63
96
81
90
0
9
2
81
9
108
0
425
90
10
110
5
0
0
0
8
509
132
97
3
267
6
0
0
0
139
0
0
0
122
0
32
3
0
139
0
7
2
209
82
0
98
0
142
109
1
0
193
0
82
0
221
84
109
102
9
103
2
140
474
0
2
0
88
0
95
90
0
0
111
96
90
62
0
0
91
0
0
78
0
0
97
0
3
0
156
13
0
607
0
0
0
92
177
1
93
430
0
99
0
123
0
0
0
153
0
118
165
0
185
2
78
93
50
0
118
0
129
23
1
179
11
0
18
188
175
33
0
125
5
0
85
285
0
186
6
2
12
0
98
21
0
161
80
0
130
250
84
14
159
0
9
1
0
0
2
99
0
425
130
160
0
18
208
87
156
77
4
115
0
10
88
184
88
86
91
0
236
0
123
101
207
137
0
78
0
11
113
74
84
88
0
2
80
7
2
3
120
0
225
0
0
0
0
84
0
153
131
77
1
107
8
130
84
2
84
1
96
91
96
0
0
0
0
0
163
96
80
3
95
2
100
87
0
148
157
95
113
87
0
0
0
3
3
3
4
100
0
0
68
138
191
149
135
0
0
0
0
25
19
3
7
0
1
0
289
109
333
84
125
257
0
117
10
0
8
0
85
0
97
0
2
0
8
0
105
17
0
0
6
0
141
148
10
100
73
79
101
82
0
2
3
0
9
91
0
0
0
4
153
0
2
187
0
3
98
0
134
0
117
0
0
215
162
16
5
112
0
125
0
20
0
253
21
100
0
0
0
10
0
0
82
385
0
47
111
0
2
90
3
198
1
7
6
0
0
2
157
153
0
84
86
37
221
83
82
85
85
101
99
109
206
245
1
107
99
577
1
157
0
121
7
102
233
3
0
0
185
0
0
461
0
0
0
102
2
2
267
166
153
24
105
1
215
109
8
12
190
0
0
0
86
10
3
8
0
7
3
98
0
0
1
107
6
161
0
85
21
5
16
80
167
1
2
112
26
3
0
0
2
150
78
337
0
152
0
147
74
112
0
0
218
0
120
0
99
0
0
110
3
0
102
0
100
114
109
465
92
8
6
82
7
125
85
95
5
78
225
0
146
151
104
96
102
104
0
0
105
0
22
5
95
79
13
187
1
98
4
1
129
211
9
298
78
82
517
141
0
5
341
8
238
1
110
121
2
6
141
0
6
322
3
6
97
0
4
269
0
0
86
92
1
0
13
0
0
0
0
12
151
0
0
0
140
79
0
6
0
89
0
2
277
319
104
0
31
180
15
368
95
83
164
0
3
2
167
11
95
139
577
0
132
0
1
0
0
2
6
232
88
6
517
0
91
6
0
0
2
98
0
0
0
88
0
150
101
192
0
0
104
88
0
0
140
4
9
0
66
2
0
0
152
5
261
0
103
91
177
0
110
119
833
1
0
2
0
140
86
100
78
199
85
1
5
104
97
16
0
91
289
90
1
5
0
118
0
0
0
184
0
195
3
260
0
361
11
0
0
0
1260
0
76
0
6
1
1
26
0
1
0
107
332
85
0
115
91
3
0
2
91
354
6
79
0
0
134
0
2
0
99
94
77
151
0
132
118
0
112
109
768
0
1
246
194
7
411
78
0
127
84
6
124
269
0
0
1
11
0
2
0
290
107
0
93
0
103
2
124
362
100
0
4
4
120
0
139
0
7
0
0
153
0
1
0
0
0
99
0
190
99
116
92
