2784.3576470588237
732216.5
106596.75
16090.748299319728
7754.382838283828
73018.56666666667
111.74560989425981
92796.52380952382
76263.0
17241.715328467155
36175.87096774193
43366.057692307695
277175.6
3133.3275862068967
1686931.0
16136.068493150686
20394.79464285714
2274.2052023121387
54448.604651162794
54700.95348837209
187112.45454545456
29097.5
2688.785388127854
74057.67741935483
8115.4068965517245
31.0
267.0
699728.0
19441.239669421488
2915.785185185185
9842.714285714286
48885.391304347824
134387.9411764706
5.0
60046.28125
37265.68253968254
66573.61764705883
3582.446808510638
433239.4
13632.633720930233
1752644.0
3.0
212677.33333333334
278036.3333333333
59136.153846153844
92629.5
217535.5
1245295.0
165537.08333333334
1238478.0
441.64283040059905
69906.93548387097
965376.0
895329.0
378703.4
304601.5
332465.71428571426
-12319.0
135669.76470588235
291108.8
2182299.0
384456.25
258133.125
24812.516129032258
145007.91666666666
65656.75
476750.25
46336.3
97181.08695652174
316688.0
111324.64705882352
714686.0
479126.0
83703.29166666667
40138.18965517241
221472.33333333334
98243.95454545454
353281.1666666667
85233.29166666667
60775.94736842105
119095.68421052632
132107.5
114309.38888888889
258389.7142857143
116409.77777777778
65862.79411764706
65321.4
185048.91666666666
728034.0
12775.455555555556
20345.122807017542
30346.87671232877
112630.63157894737
119514.76470588235
122528.36842105263
12965.533333333333
124201.5
855255.5
21279.54054054054
724955.0
49365.77777777778
249280.42857142858
41397.833333333336
126833.5294117647
373047.0
25139.184782608696
66080.94285714286
1005390.0
1915392.0
355465.3333333333
116562.5
5343.108045977012
60492.16216216216
147738.66666666666
29441.607594936708
16436.248226950356
2.0
64495.88888888889
402608.0
492176.0
7529.0
369287.0
183844.5
875174.0
29835.0641025641
259089.33333333334
48213.891304347824
18953.838983050846
592763.0
22227.16
237411.5
473910.0
72221.70967741935
126379.08333333333
115219.25
1605234.0
124582.94444444444
53777.775
70936.27272727272
155094.07142857142
197003.81818181818
132219.22222222222
76563.09677419355
174267.81818181818
146341.66666666666
17627.007633587786
0.0
384249.8
33542.57971014493
31.11111111111111
176914.5
5186.207589285715
231427.0
131074.9411764706
34567.53125
13357.0
157974.23076923078
562340.0
97992.0
460256.3333333333
114385.88888888889
106365.33333333333
3983.6941580756015
2767.0
459876.0
9749.991596638656
87188.48
314650.6666666667
688767.3333333334
26194.5
45747.416666666664
23464.979591836734
21056.79090909091
906153.0
-39078.0
497003.75
38361.875
97800.0
124177.5
85673.59090909091
333347.0
21235.845454545455
1445654.0
31781.114285714284
870287.0
225634.0
394898.0
1127961.0
100040.33333333333
393873.0
12124.722513089006
173587.23076923078
12339.914438502674
474398.3333333333
342831.0
4923.6
7286.0
357093.6666666667
79927.35714285714
62488.5
52730.642857142855
335119.5
370267.0
23514.020408163266
1488696.0
476169.0
116369.1
32983.470588235294
588485.0
369639.6666666667
292628.5
62574.91176470588
291083.25
68349.06060606061
193781.11111111112
52055.333333333336
177742.46153846153
130324.72222222222
173434.0
492105.0
64642.4
373898.8
88772.39130434782
702059.0
895642.0
58859.91891891892
257171.6
454151.0
359592.0
388817.5
193344.36363636365
97450.80952380953
115899.5
83381.63636363637
531108.25
132745.29411764705
64637.694444444445
986192.0
339091.3333333333
72250.06896551725
54694.230769230766
89035.2
174801.07692307694
85976.70370370371
932335.0
229234.625
97303.0
18040.078125
231990.0
301617.1666666667
225316.0
123087.52631578948
352452.6666666667
25716.637362637364
1067025.0
88274.72
231452.14285714287
2907.892541087231
83099.91666666667
36520.76190476191
317738.28571428574
32248.225352112677
87987.42307692308
39552.59649122807
27629.363636363636
29607.82894736842
13091.91111111111
30490.8
50073.86956521739
446835.5
58209.23684210526
358444.5
7793.255892255892
797511.0
753628.0
34.2
339201.0
292906.4285714286
143195.84615384616
41169.80357142857
244219.0
4.0
501955.5
75720.67741935483
131027.44444444444
584202.25
187635.1
159500.0
615832.3333333334
41779.163636363635
536415.75
62503.25
79276.37931034483
63551.0
45327.470588235294
25948.932584269663
26.0
65736.28571428571
49709.67391304348
17138.308823529413
72196.125
149108.0
864156.0
25358.824175824175
68028.91176470589
33097.333333333336
154285.7857142857
6607.92
119495.85714285714
391477.0
28.0
129583.25
20.0
52139.651162790695
61202.76315789474
101187.42857142857
142876.5
51190.348837209305
16626.61151079137
1007619.5
305236.0
201273.0
1947310.0
64471.42857142857
509234.3333333333
19532.08620689655
77212.64285714286
29285.21794871795
580180.0
100567.66666666667
259805.44444444444
207523.18181818182
1062957.0
155316.75
482416.3333333333
116192.95
47131.65957446808
7657.0
88473.875
2226272.0
684886.0
1845898.0
136869.11764705883
2166140.0
23443.29292929293
98361.09523809524
13341.941860465116
36006.50793650794
346356.6
1111401.0
582970.0
77114.14814814815
34323.2
64551.25
210323.0
214487.85714285713
1164982.0
1383112.0
66408.46875
246256.0
416857.6
54932.025
165137.0
48992.11111111111
470362.0
56814.0
353067.0
145231.18181818182
323401.4
115025.7
32085.583333333332
128193.22222222222
9307.952606635072
280620.4285714286
312687.0
63910.944444444445
150034.25
21.0
98803.33333333333
94153.66666666667
190463.45454545456
186629.875
58085.97435897436
127855.5
148815.45454545456
44075.117647058825
16870.704225352114
30089.79487179487
87394.24
60405.84375
82153.03448275862
649151.6666666666
495139.5
308415.75
655815.0
79820.79310344828
475814.6666666667
7802.058219178082
254451.0
134467.0
206167.6
183544.41666666666
160995.5
87802.65384615384
244303.875
168750.46153846153
547290.3333333334
412628.0
23512.98969072165
1377494.0
55797.85365853659
278146.0
157027.125
3231.743813682678
52086.13043478261
188897.54545454544
112202.77777777778
30223.696202531646
917614.5
346400.0
373687.6666666667
642961.5
323695.1666666667
69356.48387096774
72542.5
36042.77272727273
167030.5
4.0
114442.21052631579
173589.84615384616
249243.0
166066.61538461538
131926.0
637891.0
457629.25
376880.5
26645.741176470587
344431.0
176619.0
523414.3333333333
250350.125
584026.3333333334
431284.5
355886.0
186671.54545454544
740390.0
630607.0
151295.8
48046.27659574468
790927.0
1125122.0
1155733.0
345539.5
207410.0
171426.0
34565.76470588235
118046.5
124159.07142857143
896837.0
431640.5
126297.54545454546
257104.0
32694.166666666668
90678.88461538461
293223.14285714284
288307.3333333333
85394.57692307692
42676.735849056604
213280.18181818182
131183.35294117648
183222.0
20819.69230769231
1039733.5
128220.30769230769
209629.25
232754.9
172163.7
103828.52380952382
320331.3333333333
127576.4705882353
414302.0
374132.0
44292.76470588235
360893.5
1036006.5
142412.0
134765.6875
17198.962962962964
309210.3333333333
516001.5
19736.27966101695
109093.8
118107.07692307692
345772.5
66384.6
52315.62790697674
77374.4827586207
2172711.0
1436305.0
258244.875
261.4
471818.0
189565.0
140793.0
32653.434782608696
74066.27586206897
9199.810276679842
692185.0
135436.35714285713
104395.76470588235
78502.75862068965
78676.0
34.0
56816.0
127696.5
985059.0
193122.58333333334
86650.0
1266689.0
305911.5
134410.0588235294
222414.88888888888
117365.23529411765
206457.14285714287
308194.4285714286
14655.786163522012
635404.3333333334
66450.5142857143
148970.1875
14.0
631150.0
35985.639344262294
713491.0
1323834.0
12387.813829787234
73693.93103448275
31024.88157894737
866146.0
229180.375
54.0
5872.921568627451
1068324.0
111968.2
1356259.0
50553.32608695652
36462.28125
814137.0
420931.3333333333
251458.77777777778
156261.64285714287
99363.52173913043
1.0
692987.0
686705.3333333334
318226.3333333333
355362.0
416559.3333333333
68428.41379310345
168411.15384615384
1199436.0
367117.25
165964.4
47062.816326530614
5925.0
189237.0
136737.27272727274
275827.71428571426
70862.53125
178902.45454545456
44.0
476265.25
73358.8
95081.0
595335.5
12795.14606741573
240209.75
354086.0
107572.5
121389.0
892917.0
45016.39215686275
275485.4
158984.0
866980.5
272656.8333333333
601587.0
87477.07142857143
59186.0
705621.5
142294.0
203568.0909090909
1113542.0
11293.0
409498.5
174075.84615384616
317597.3333333333
42352.8679245283
297684.71428571426
611018.6666666666
212588.75
349283.4
270301.14285714284
881406.0
51755.64864864865
310545.6
318882.8333333333
114058.94444444444
867826.5
861220.0
468911.5
16.0
669320.0
519.0
1036965.0
323299.0
133549.82352941178
111777.0
261792.0
107766.71428571429
91400.29166666667
68781.0303030303
1935132.0
371919.3333333333
2909.0
325651.0
349754.6666666667
1060821.5
1102714.5
207170.125
29602.821917808218
14424.954545454546
627347.0
247089.33333333334
224989.7
331990.0
1291051.0
346555.0
252011.66666666666
61970.354838709674
452241.0
69.0
2121322.0
329397.0
289945.0
71786.27586206897
312713.6666666667
1745470.0
191701.66666666666
133630.0
292387.4285714286
139557.0
246580.5
594342.0
150431.4
97623.09523809524
230175.55555555556
86215.0
1.5
77622.33333333333
363335.3333333333
94893.08695652174
211778.42857142858
204786.5
20500.38532110092
89731.15
581889.6666666666
301804.5
367414.0
192624.0
413407.4
173236.15384615384
-30854.0
1315922.0
106915.94736842105
28750.48717948718
727861.0
123255.11111111111
495366.5
428927.8
1540641.0
511606.5
1283765.0
150637.66666666666
1054179.0
4926.219178082192
256112.875
225346.0
102111.42857142857
346476.0
29072.052631578947
221130.83333333334
803404.0
570862.0
1670338.0
88728.0
198596.42857142858
232479.66666666666
105160.0
191901.11111111112
199739.6
42653.0
130302.0
15448.165289256198
18332.0
561406.5
19251.0
453876.6666666667
23866.833333333332
236725.5
70652.53846153847
281461.6666666667
651201.0
1297578.0
368778.0
262776.0
30336.534246575342
0.0
46568.82608695652
587373.5
181470.5
67.0
310881.6
93607.54545454546
238380.625
930048.0
34544.43548387097
238417.0
198103.0
20906.130841121496
6409.0
16.0
194074.0
65822.41176470589
190796.83333333334
43046.735849056604
640066.0
1038285.0
448613.8
1030736.5
261132.7142857143
801906.0
231631.0
657889.3333333334
202829.5
24978.96629213483
61448.555555555555
307921.5714285714
18552.18487394958
44939.32
14092.816455696202
981756.5
34533.9
30131.0
255850.0
73175.0
186961.45454545456
315998.3333333333
178943.08333333334
370231.0
71381.45161290323
446575.6666666667
208273.33333333334
3.0
341548.0
115561.17647058824
1893171.0
348757.5
25129.011363636364
54.0
42350.0
42827.4
115350.55555555556
116151.84210526316
118865.21052631579
222980.33333333334
2142957.0
10.0
289512.5
393560.0
154712.33333333334
83049.48148148147
213470.88888888888
147125.33333333334
196282.2
279301.4285714286
149662.81818181818
409584.0
66238.6875
398687.3333333333
214006.4
183543.0
51174.65909090909
119341.75
603986.0
323053.1666666667
210505.83333333334
735922.5
28429.333333333332
916025.0
613814.3333333334
569365.0
0.5
91404.0
977985.5
648391.3333333334
1981430.0
205365.77777777778
130081.71428571429
131799.75
489324.75
56291.55
79231.89285714286
202269.22222222222
35753.54838709677
147649.42857142858
229517.22222222222
112607.17647058824
33.0
405.5
397768.0
71696.3870967742
3.0
147790.2857142857
1124392.0
1381186.0
81896.66666666667
207269.25
229514.42857142858
146886.73333333334
67633.27272727272
90315.39130434782
43247.183673469386
66194.57575757576
462354.0
921983.0
10520.228971962617
285253.0
2101.2
686003.6666666666
68618.93939393939
31303.666666666668
395024.6666666667
194427.5
99370.05555555556
171647.0
119393.36842105263
83835.30769230769
783181.0
684325.0
398961.0
140798.0
194388.0
277227.28571428574
2674.0
1195662.0
84803.23076923077
94845.21739130435
322479.0
749609.0
213935.44444444444
37.0
397529.3333333333
49074.625
214678.1
200634.45454545456
258716.6
76607.2
227287.9
823176.0
432772.5
71692.13793103448
43543.166666666664
460976.0
83166.38461538461
126809.5
1389764.0
613079.0
1711625.0
2238891.0
564574.0
445949.0
891299.0
1385957.0
193247.125
62427.4
32332.6
197280.0
5.0
161872.6923076923
84090.92307692308
448449.75
2172804.0
441115.6666666667
145369.61538461538
456156.0
406804.0
482114.0
296751.0
357858.0
149438.7142857143
214756.625
179231.0
1058200.0
40.0
37130.0
401135.2
194078.625
337543.0
142363.53333333333
545203.6666666666
1353758.0
12340.0
192990.8
-731.0
75714.91666666667
166147.15384615384
378715.0
1086391.5
870200.0
116323.27777777778
26686.26923076923
2003445.0
330839.3333333333
50582.441860465115
22828.0
233694.0
713005.0
247894.875
714682.0
140469.6875
187003.72727272726
72678.0
174228.0
678215.5
2155.0
202436.7
5920.0
59515.18421052631
1.0
80488.71428571429
787864.0
824014.0
143383.13333333333
122079.70588235294
3.0
52074.36363636364
131744.17647058822
273646.4285714286
130686.8
1235594.0
422409.0
107538.82352941176
1500906.0
25474.5
91900.95652173914
331076.6
84456.2
440341.6666666667
126604.16666666667
1470476.0
156147.0
165757.45454545456
96972.93333333333
240180.2
18622.0
180594.5
450092.25
196586.63636363635
1386135.0
212247.9
655988.0
601805.5
507369.5
377491.2
180338.41666666666
541753.6666666666
400060.2
88907.47368421052
262072.0
650110.5
483627.5
395481.2
80107.05882352941
71588.4375
10609.347417840376
104676.27777777778
304499.28571428574
96369.28571428571
45061.686274509804
74590.0
749742.5
378621.0
1304744.0
141530.36363636365
230367.33333333334
799890.0
1099.0
470038.75
933774.0
145314.66666666666
250092.5
107665.36842105263
259626.0
110059.94444444444
1665884.0
155795.7857142857
65789.85294117648
477016.0
995898.5
1150519.0
365901.0
226667.125
107300.4
162444.0
2171879.0
349540.75
324344.4285714286
8872.0
1011923.0
5.0
76397.5
55545.02564102564
193219.0
14819.0
1368212.0
691981.0
178337.9
-24094.0
189680.7
65619.87878787878
26138.25581395349
148937.85714285713
909230.5
1085796.0
85244.66666666667
140018.5
69321.5
1129648.0
207467.66666666666
97634.85714285714
282498.0
75006.0
55700.85
198100.2
330502.0
1273715.0
597977.0
273101.0
47511.936170212764
211347.625
86385.64
736673.0
488230.6666666667
1060466.0
584259.0
1466104.0
258025.5
1303558.0
558614.0
514063.75
187001.54545454544
162270.5
297501.0
166741.84615384616
206060.72727272726
84890.72727272728
118929.0
3.4285714285714284
56628.10256410256
143644.73333333334
594396.5
44235.0
417506.8
208604.0
68173.95
1022933.5
1374905.0
165672.11111111112
260570.0
228999.33333333334
63303.0
279060.2
55175.230769230766
402887.0
341479.5
41371.192307692305
357369.8333333333
400289.3333333333
56030.525
1054765.0
301808.0
108.0
205791.8
98198.90476190476
1372898.0
278114.5
382290.4
206148.5
53095.59523809524
393596.75
409515.0
10533.0
1.0
921231.5
201275.0
403290.3333333333
581304.0
232751.0
86093.4
30998.333333333332
179632.9090909091
124782.11111111111
297261.25
1037896.0
1205625.0
0.5
215639.3
142931.92857142858
88201.0
631245.0
1298773.0
815926.0
152194.46153846153
279514.75
166652.41666666666
581242.0
1212294.0
264255.4285714286
307712.8333333333
277469.14285714284
189467.85714285713
3.0
375974.6666666667
349062.1666666667
386225.2
672202.0
863192.0
298583.0
80169.0
58039.63157894737
676442.0
298018.28571428574
342060.0
53915.820512820515
91016.78260869565
197883.1
116270.44444444444
5131.666666666667
382157.6
275326.125
1008507.0
52370.0
258220.0
30831.333333333332
666990.6666666666
27529.30769230769
147142.2142857143
1926451.0
110691.88235294117
309070.0
306510.6
8223.4
115075.5625
175474.0
467682.75
70656.0
192066.5
791763.0
1199536.0
172494.16666666666
171644.08333333334
420057.3333333333
458037.3333333333
506419.0
84224.0
93091.0
162086.3
348468.25
629652.0
201232.33333333334
205998.66666666666
857137.0
991848.0
371329.75
979042.0
206364.33333333334
120922.75
182120.0
230220.125
105997.0
350779.0
453405.3333333333
373511.8
331409.1666666667
503361.0
485490.0
684181.0
165880.07692307694
724937.0
134412.16666666666
41.5
-14580.0
438234.6
177803.0
210893.0
1267659.0
1461997.0
513602.25
212786.3
508539.0
321370.0
37262.22222222222
6.0
8.5
485470.75
259508.5
329400.0
330476.5
63690.0
645479.0
84485.73913043478
70321.86206896552
102087.3
169649.66666666666
355773.8
148928.0
332843.0
360116.2
1827356.0
292114.3333333333
410230.0
94983.72727272728
779188.0
429020.0
239544.625
550160.0
657035.0
320725.8
101893.25
282749.0
455933.0
173684.125
513542.6666666667
110471.57894736843
241596.8
930313.0
714986.0
100587.5
1137969.0
873111.0
564325.0
912465.0
797897.0
18085.0
82.75
176397.33333333334
482304.5
247954.85714285713
906832.5
32136.0
115135.33333333333
1046158.0
384128.8
540306.5
90952.42857142857
1116622.0
622103.0
47239.0
439743.5
157.0
81453.92307692308
2.0
46.0
257699.5
302577.5
110181.52631578948
602912.0
199619.66666666666
613922.0
1134008.0
632350.0
65853.0
287025.3333333333
16.0
259364.42857142858
99302.0
151053.14285714287
468364.6666666667
232793.0
20619.0
242443.16666666666
551844.6666666666
496051.5
137623.4
180.0
1908654.0
256720.66666666666
869557.5
249015.25
207738.2857142857
91104.66666666667
346629.6666666667
195699.36363636365
171330.5
960317.0
145986.5
182786.0909090909
671540.0
211653.22222222222
686083.0
1549606.0
246568.66666666666
1717557.0
1005000.0
191177.4
74456.75862068965
146121.92307692306
214612.0
387628.0
112359.52631578948
434027.0
464873.6666666667
1081340.0
37304.166666666664
128044.11111111111
248155.0
296907.6666666667
651188.0
134527.6875
97633.41176470589
226351.375
603779.5
395710.0
712421.3333333334
165157.16666666666
151946.5
494997.25
309094.4285714286
566084.0
231871.4
1.12
450142.6666666667
200488.66666666666
535049.75
1898982.0
707286.0
258100.85714285713
286094.3333333333
1271649.0
384463.0
19546.375
258468.5
368849.5
179326.5
698268.5
599395.0
197929.66666666666
391382.6666666667
493995.0
450735.5
300013.8333333333
181214.8
128609.5
290097.5
42494.5
516515.5
1004796.0
171179.0
451138.0
72895.8
327802.75
594318.5
673451.3333333334
361536.0
143.0
317616.0
336173.5
185705.4
506068.0
217690.0
735517.0
127120.86666666667
90205.2
154134.2
364985.75
123252.75
13.0
32737.0
598840.0
178400.5
1344206.0
239086.66666666666
14230.0
246873.2857142857
71814.73076923077
321865.0
325285.1666666667
934976.0
545156.6666666666
157093.07692307694
896619.5
500711.5
380729.0
78298.0
8277.665137614678
92301.0
134281.46666666667
780312.5
40188.8125
179967.16666666666
3.0
1177750.0
498280.25
254920.4
343167.0
588052.0
804810.0
101.88888888888889
84724.78260869565
175530.36363636365
0.8235294117647058
2061045.0
16.5
129470.14285714286
173449.9090909091
280339.2
497354.5
276023.0
1002437.0
1.2173913043478262
281037.5
611446.0
207308.8
328400.0
795232.0
234429.33333333334
659690.0
288132.0
388214.0
126899.0
1274772.0
377300.4
175330.0
942161.0
150505.2857142857
237566.83333333334
1726525.0
3.0
304298.0
830383.0
580489.0
312649.0
39132.5
320366.5
175091.91666666666
90623.15
409290.5
165071.08333333334
268494.4
7268.0
712495.0
471953.0
576553.3333333334
760172.0
113131.8125
278643.3333333333
204331.5
282703.4285714286
186243.0
94378.19047619047
868109.0
223695.66666666666
375008.0
91906.68181818182
517286.0
286056.5714285714
1061045.0
161974.5
313286.3333333333
983471.0
299216.6666666667
570156.0
252693.875
597218.0
612833.0
300596.5
408980.0
572315.3333333334
259490.66666666666
166081.0
55880.794117647056
365381.2
12725.0
65288.0
818620.5
1202775.0
851058.0
59178.0
433513.3333333333
7415.980392156863
259012.0
1.0
3053.0
908014.0
88078.78260869565
235095.2857142857
463495.0
838700.0
567619.0
644366.5
176216.5
513961.0
547788.3333333334
236813.75
176838.0
31073.14285714286
133223.85714285713
-28989.0
1916856.0
224857.25
9837.0
952141.0
449831.5
62657.0
1461752.0
213067.57142857142
104.0
76.0
871405.5
255993.25
370431.8
375085.5
370721.0
764164.0
98626.05263157895
48869.68421052631
173600.4
64604.0
860062.0
562685.0
594972.0
1158599.0
164269.0
91.66666666666667
230626.0
650476.0
1583950.0
675457.6666666666
1602.0
307138.0
287157.3333333333
171210.0
505760.5
288448.1666666667
964682.0
1617539.0
272.5
32.785714285714285
324956.0
440240.0
111234.44444444444
968569.0
323894.25
258036.0
35.5
261545.14285714287
65.0
219262.33333333334
142949.0
105659.0
1215271.0
1292382.0
173747.5
202184.22222222222
348943.5
1816499.0
441344.5
643240.0
304440.5
1034184.0
1633.5
175468.125
309751.0
219339.0
322789.2
368268.0
1630459.0
138818.6923076923
1647990.0
164984.36363636365
403969.3333333333
765345.5
336674.0
379219.6
200886.66666666666
94824.0
227837.0
252293.0
1065797.0
37249.0
284979.0
1.0
358418.0
71345.8
585115.6666666666
851357.0
368119.75
477454.5
287751.0
327241.8
2.0
157849.0
541157.6666666666
49432.275
135861.14285714287
430856.0
258270.2857142857
5312.0
219172.0
24920.5
38708.5
155552.0
340155.8
191280.0
244337.25
380035.5
245040.75
212015.55555555556
259368.66666666666
182884.57142857142
362174.0
367586.8
449339.5
20578.653333333332
106828.08333333333
967897.0
293268.0
215340.77777777778
483186.6666666667
811549.5
982986.0
278333.5
168359.1
324920.8
1555557.0
281888.3333333333
608616.0
1029230.0
345217.6
48801.48
1439051.0
194729.0
280693.6666666667
457680.0
128181.0
0.0
121668.0
723368.0
60.0
477745.6666666667
52319.485714285714
2.0
17.333333333333332
985961.0
52353.15625
611792.0
1165912.0
438162.0
25558.5
157001.4
228092.16666666666
416840.0
477592.25
274261.71428571426
19044.0
77074.0
1743307.0
111770.0
185078.0
12968.729166666666
1718975.0
267324.8333333333
159368.33333333334
241286.66666666666
569277.0
1.3333333333333333
199336.66666666666
164054.27272727274
238137.0
577620.5
69376.85185185185
402696.5
569431.3333333334
139293.16666666666
657895.0
1168583.0
107019.2
140212.53846153847
52175.92307692308
398817.5
75923.52631578948
124189.5
14.5
464074.6666666667
47742.529411764706
644915.0
988830.0
247574.0
246787.5
214240.25
1574203.0
321502.5
157557.6
10.666666666666666
1045248.0
211475.16666666666
243857.66666666666
5.0
367894.25
371810.25
92586.5
297034.5
602581.0
1018036.0
1475616.0
430950.75
582248.0
539454.0
569536.5
4365.0
566603.6666666666
465289.0
1595244.0
142662.63636363635
195870.5
152301.18181818182
191217.4
239571.0
4.0
235796.57142857142
1303840.0
697434.0
1049710.0
91993.375
534209.3333333334
415874.0
45.0
1026991.0
61.0
177446.33333333334
243357.2
315100.0
305468.4
300420.0
6.0
2048.28125
386331.5
693405.0
705311.0
228027.0
251228.0
796509.0
656899.0
478946.0
306934.0
13218.653846153846
81550.0
72245.125
374836.0
372327.0
317403.0
259607.0
93003.0
243515.75
622572.0
145626.0
55999.260869565216
174296.66666666666
274907.25
268515.5
75.0
44101.4
94619.85714285714
165003.22222222222
433098.0
356214.5
14099.388888888889
170355.75
252551.0
74890.78571428571
403.0
68376.0
97665.0
212.0
74383.33333333333
449113.6666666667
1462712.0
224967.8
569944.5
35761.0
240359.0
353026.0
1917.0
200191.25
816191.0
2.0
203519.66666666666
20841.0
36862.0
602640.0
575921.0
405765.6666666667
196863.0
-9368.0
213249.0
601695.0
576532.0
37463.5
58805.0
2.857142857142857
69982.0
193.0
1978.6666666666667
184101.375
660590.0
89541.0
22862.8
181612.0
158071.66666666666
133142.25
380783.0
91109.71428571429
78995.0
785305.0
41573.0
71227.0
-732.0
92463.0
169572.0
346944.0
106294.75
460526.0
81888.5
15.0
11.0
13.0
389704.3333333333
378.0
14805.933333333332
165314.5
81298.54545454546
1.2222222222222223
175.0
368262.0
78265.0
88260.0
142.5
358971.5
438328.5
4760.5
348963.0
116124.0
0.0
35492.625
349966.5
101285.0
275069.0
81.0
9363.0
11177.0
3.0
32978.63636363636
246100.66666666666
51.0
118.0
98.0
1123.0
52480.0
11191.333333333334
2.0
25668.0
6643.422222222222
1.3071895424836601
107.0
23146.5
2.0
1.3333333333333333
41201.0
1.0
