105
27
22
78
251
385
278
8
14
128
19
6
688
39
13
0
25
10
5
37
19
92
30
85
17
35
40
54
4
169
17
151
17
31
4
30
20
318
23
10
14
10
836
18
18
38
9
7
41
22
7
7
73
248
24
16
29
24
56
2
92
66
91
152
51
32
5
103
91
6
23
73
1
8
106
2
107
21
17
4
8
124
53
25
8
95
18
19
11
7
32
22
59
8
361
7
13
31
36
26
838
7
194
128
63
15
21
142
33
97
51
194
17
20
31
244
7
106
213
19
17
41
83
28
6
445
10
12
56
77
33
169
22
153
17
17
53
90
45
220
11
121
27
25
6
40
17
31
5
33
86
14
109
6484
163
144
5
20
17
6
31
131
138
73
192
59
9
7
17
78
52
48
150
5
11
69
54
82
11
30
156
55
34
15
54
13
7
10
0
18
21
143
16
517
45
15
49
9
35
25
18
21
203
126
3
40
41
42
8
32
47
87
56
30
1223
13
9
24
28
49
54
32
37
9
35
15
6
21
16
8
19
35
21
54
508
161
67
13
867
13
61
1
1286
28
5
29
14
22
3
59
5
5
103
26
14
28
21
31
1220
5
9
131
10
4
14
7
27
936
15
38
8
11
41
8
7
144
156
13
46
11
12
176
48
19
10
15
12
71
16
10
1
283
14
15
50
34
24
105
11
166
113
20
13
11
9
35
18
2
6
8
10
12
63
44
55
53
62
6
16
13
26
261
54
16
15
39
49
11
26
13
18
14
16
36
9
15
114
28
88
28
48
6
16
6
22
20
47
28
12
13
11
45
23
26
27
62
19
32
8
6
13
32
10
15
2
27
11
405
69
29
66
20
8
16
35
70
13
7
13
9
6
26
14
32
20
8
2
6
117
11
105
4
10
75
43
17
30
11
8
12
4
17
27
177
1
25
116
9
11
12
15
65
6
55
21
65
15
73
5
9
7
6
22
13
294
52
0
6
23
36
74
9
34
4
33
9
6
11
9
13
65
8
5
39
40
88
16
7
6
7
66
8
4
23
18
35
11
13
99
12
27
8
5
31
16
17
22
9
579
325
1
14
31
10
33
17
3
14
6
21
38
8
71
32
38
4
15
24
83
17
8
10
15
15
51
7
18
37
6
5
8
30
154
18
26
6
7
21
6
34
29
35
3
46
24
16
5
63
21
7
33
57
15
86
143
16
106
12
21
79
40
93
31
24
44
35
74
104
17
26
8
5
10
2
47
9
11
32
10
8
229
127
72
123
53
23
9
34
13
93
17
9
83
56
10
10
10
11
24
7
52
10
213
19
57
6
215
7
12
1
22
35
10
13
11
9
53
10
35
10
29
32
1372
52
26
13
60
8
13
8
8
36
69
28
20
32
474
28
60
3
17
13
18
48
17
32
138
6
25
256
11
21
33
148
23
21
31
22
12
18
65
97
238
0
36
22
55
30
11
8
18
23
8
9
7
7
35
38
45
50
32
43
8
32
420
49
13
58
72
15
9
18
26
4
81
53
12
7
103
25
16
2
22
25
16
82
38
30
11
11
80
25
9
69
18
2
23
5
35
10
8
10
79
7
30
7
70
19
5
77
8
9
59
16
15
4
82
93
13
11
14
12
25
21
6
17
9
50
38
11
31
10
53
48
9
16
49
40
9
8
16
6
28
36
20
0
63
6
65
33
36
12
52
15
100
18
11
2
37
10
12
20
15
17
13
34
23
64
16
10
7
18
45
715
7
76
34
13
87
51
8
54
21
54
30
14
19
16
29
23
412
15
71
57
19
22
6
17
23
27
4
36
25
20
28
37
30
253
90
14
3
9
4
38
144
12
11
5
6
13
29
26
14
132
8
73
3
33
17
16
2
8
34
16
23
19
20
7
28
5
12
793
140
30
4
9
18
120
34
65
33
63
3
6
12
69
7
17
155
7
25
7
20
27
11
27
10
12
16
23
23
36
44
41
9
59
33
23
27
57
37
34
13
23
13
4
120
6
25
31
60
16
37
13
99
20
17
9
110
6
6
88
23
68
42
15
8
12
9
76
132
30
6
44
49
19
7
7
12
24
115
72
16
24
9
3
10
19
7
17
496
63
9
5
26
306
38
34
9
214
123
92
12
19
3
5
5
16
10
6
32
64
35
15
45
10
43
56
32
127
51
28
40
16
14
11
25
21
8
22
20
770
33
1
33
28
29
66
25
147
5
73
57
46
14
7
89
108
39
15
33
7
90
13
1
34
12
19
11
9
89
112
319
111
20
9
46
168
72
44
96
14
14
65
25
39
85
108
93
33
0
14
9
10
64
55
43
22
38
176
79
11
5
11
6
24
62
398
74
22
13
26
16
11
10
169
222
7
12
3
51
261
8
55
7
25
6
51
9
22
17
391
18
20
7
42
2686
48
11
89
22
5
14
19
13
19
8
31
13
100
69
8
11
8
8
56
6
365
16
5
36
20
14
14
21
13
841
113
616
100
12
40
45
50
21
4
139
40
35
25
11
10
46
44
111
19
64
11
82
8
10
21
10
43
20
53
11
12
28
10
0
97
36
135
51
14
147
16
36
8
23
62
19
133
14
47
6
47
8
130
9
26
402
33
36
8
37
12
10
14
14
33
11
57
8
58
31
42
23
2
11
7
41
6
5
29
9
148
16
5
8
15
23
14
0
22
32
7
5
11
2
17
41
29
5
97
24
25
6
8
21
16
22
88
7
49
8
15
13
38
99
2
32
49
50
55
72
61
19
80
1
350
0
18
35
7
5
34
21
48
122
4
10
39
22
61
20
8
7
47
42
19
10
15
9
21
8
20
29
13
5
11
13
6
16
9
6
20
11
42
11
14
112
11
102
15
18
148
73
228
27
38
33
25
67
5
6
59
60
14
67
50
51
4
40
2
8
35
63
18
137
5
27
32
24
12
57
23
10
7
38
4
29
70
8
25
6
8
30
25
13
82
63
48
66
8
30
21
20
25
60
11
67
7
28
205
21
18
13
8
34
171
52
9
1
24
52
18
10
14
38
6
72
19
22
7
30
9
15
39
27
12
9
14
119
49
21
8
15
29
6
13
5
25
15
9
28
267
3
33
18
4
3
12
34
12
10
7
1
25
101
24
8
60
137
46
8
3
17
6
84
24
15
14
6
24
7
9
90
14
45
13
17
20
76
19
8
5
17
4212
35
7
9
113
4
12
4
56
1
7
2
55
20
26
182
23
7
21
39
41
22
10
33
12
6
20
5
11
86
22
90
14
21
24
14
31
15
18
26
21
10
16
60
26
32
8
48
21
7
6
39
5
5
14
31
7
20
17
38
14
9
38
33
14
13
9
38
9
6
15
6
21
8
8
41
28
9
12
90
10
33
2
6
81
13
11
128
16
31
4
8
54
14
8
4
37
321
41
8
25
30
26
8
28
5
6
8
5
16
64
0
12
165
3
4
10
15
18
21
6
11
37
8
24
30
69
5
51
15
25
31
14
6
11
42
11
12
4
70
20
100
111
14
21
9
87
9
7
8
11
25
37
8
9
22
64
13
104
331
8
5
29
26
3
2
30
48
6
14
63
7
16
16
157
11
15
46
42
13
56
37
14
3
34
35
5
37
35
92
29
43
24
11
17
8
16
33
16
8
48
17
23
9
18
12
7
22
28
11
16
23
21
24
9
30
67
48
43
1
17
5
12
74
17
17
38
72
65
4
12
9
6
7
47
7
5
42
5
7
78
37
25
12
74
7
19
37
10
14
4
25
14
39
6
9
28
15
18
75
27
9
12
11
61
12
93
11
28
40
32
78
15
55
12
12
25
56
3
5
20
7
100
117
28
44
35
14
25
55
46
32
11
172
36
13
9
32
273
5
20
11
62
13
33
9
30
138
14
46
133
6
11
19
58
14
12
17
28
12
5
10
8
9
10
4
10
168
6
47
29
17
9
13
38
61
4
12
11
8
28
36
5
11
13
41
13
14
14
13
16
50
7
61
25
100
176
7
15
5
116
215
60
15
11
1
5
10
20
10
28
18
15
65
23
20
115
15
4
44
21
13
25
16
4
15
16
4
216
5
15
17
22
6
37
4
33
16
49
80
31
54
21
61
52
8
40
10
10
32
10
9
27
114
36
5
29
10
26
28
18
9
31
44
217
40
9
12
11
53
18
44
5
10
34
25
10
18
27
42
6
9
13
32
18
10
15
438
71
48
22
8
24
15
24
15
7
30
6
10
21
30
7
22
10
19
60
146
29
6
9
7
16
9
42
7
24
14
49
12
12
10
14
478
24
3
8
8
4
24
11
13
276
32
22
70
3
18
24
14
43
96
8
58
19
281
64
23
9
37
10
15
24
13
8
33
8
37
34
24
10
11
16
5
35
296
35
40
15
9
30
5
8
5
5
14
6
65
17
86
9
32
14
9
15
84
18
17
2
34
15
12
21
13
28
38
15
20
8
71
10
10
21
43
10
127
24
10
21
4
13
9
22
22
12
29
13
9
12
44
16
9
25
14
10
28
12
7
11
7
7
7
9
29
46
32
10
22
4
10
9
18
28
8
23
45
250
25
2
11
1
16
67
8
13
6
4
19
65
9
21
9
5
53
17
21
283
31
8
12
17
98
9
39
69
16
28
26
32
12
9
43
14
9
7
15
7
30
68
9
12
130
27
15
25
8
22
54
26
61
17
15
1
6
21
24
14
23
39
30
6
24
49
1
56
29
14
3
26
7
22
31
8
8
37
6
8
7
21
63
30
21
162
15
25
81
21
18
78
8
8
25
124
6
23
71
45
17
19
11
6
6
61
132
10
27
17
59
13
25
46
122
14
7
34
13
130
7
16
5
5
36
21
14
23
153
37
22
7
12
18
13
9
33
12
44
12
33
6
7
5
15
12
42
12
54
15
31
53
5
10
11
13
20
10
12
179
16
11
18
16
10
9
49
352
9
27
18
25
13
28
14
8
19
6
6
19
11
8
6
12
30
17
13
8
18
978
5
18
6
23
16
18
20
30
89
5
11
9
7
5
23
4
13
10
202
8
22
7
34
70
15
9
11
48
26
27
26
10
6
24
9
132
36
6
117
8
17
5
8
28
14
15
20
15
8
55
15
15
30
11
24
30
7
23
149
9
36
23
64
48
17
33
21
91
48
12
58
32
93
156
16
56
10
8
23
13
19
15
49
22
25
38
87
2
6
20
44
146
10
18
36
19
56
14
6
16
2
32
26
11
27
58
7
51
9
17
112
54
4
7
7
8
6
13
144
20
63
15
25
6
43
7
29
76
5
14
12
18
4
11
7
62
184
7
382
56
32
9
45
43
16
6
5
51
23
9
28
6
24
637
8
21
37
18
8
10
6
10
27
75
30
9
5
42
14
24
9
23
27
7
5
8
18
12
8
10
3
228
56
20
11
12
150
16
28
72
64
9
53
6
98
12
5
91
6
10
21
16
23
10
29
44
8
8
21
7
12
8
18
17
21
12
143
11
172
63
36
16
67
17
8
13
88
6
33
3
14
21
7
10
5
18
7
10
32
18
15
21
233
7
6
7
12
9
22
18
3
33
20
39
11
50
68
74
13
11
71
22
21
5
10
11
29
39
115
13
48
12
124
73
8
23
63
176
7
20
9
15
16
5
1
12
29
5
25
11
6
118
17
19
8
76
23
9
55
5
35
9
43
12
7
19
35
16
15
39
15
6
17
5
19
5
19
11
192
5
5
7
27
29
14
10
17
17
22
8
13
6
12
12
24
203
9
26
88
29
16
19
5
6
110
4
23
23
12
7
13
2
52
8
7
9
21
19
9
9
17
7
22
15
7
38
10
45
11
50
11
11
38
20
22
15
3
7
4
86
86
16
15
71
33
7
25
84
152
12
35
5
2
18
8
116
15
13
23
17
8
70
58
15
6
27
16
47
41
11
25
7
16
17
12
6
20
1
44
24
6
84
16
21
22
68
12
32
40
21
18
20
6
325
13
25
6
31
20
21
26
10
26
29
8
13
66
9
45
25
10
50
65
10
28
13
57
33
73
15
52
20
22
15
260
5
35
83
17
13
14
8
155
10
32
106
85
60
15
16
19
6
11
14
26
8
240
6
28
19
31
8
0
90
10
46
7
75
7
14
10
85
26
16
21
19
21
13
9
13
62
76
20
7
1526
33
164
84
185
39
7
43
12
37
1
9
6
3
11
6
36
19
11
56
19
10
9
40
17
6
32
12
101
13
39
8
52
43
15
18
5
14
12
23
159
7
11
46
103
21
20
5
8
14
18
25
6
79
20
39
22
9
7
11
22
19
8
16
17
8
7
14
19
8
5
25
8
10
6
44
7
23
23
5
10
44
55
12
74
7
36
8
11
124
17
4
5
28
23
18
11
20
27
10
61
5
12
21
16
15
9
5
8
52
11
43
29
8
7
9
15
7
46
32
5
8
11
25
9
8
6
8
10
10
10
18
13
33
36
7
2
16
8
4
24
9
21
42
117
7
65
21
14
3
11
7
16
9
13
32
30
19
27
9
32
52
23
31
30
4
41
15
17
34
1
11
11
9
28
12
7
31
12
2
13
14
5
23
6
7
20
15
9
12
9
36
8
18
35
37
16
6
12
5
6
16
27
57
15
5
7
40
9
16
16
6
12
5
30
4
5
18
8
28
6
29
5
25
1
14
7
7
10
5
7
7
13
24
5
6
12
15
27
7
16
13
22
5
6
8
7
12
8
5
7
4
13
6
5
12
25
24
8
5
18
2
39
45
23
9
10
42
6
7
14
88
6
19
17
10
8
19
8
12
19
39
138
12
7
8
41
20
93
10
7
49
7
10
14
28
13
6
14
15
22
13
12
6
12
13
8
9
44
25
9
97
16
36
20
7
88
139
22
26
19
6
8
44
4
20
8
14
40
2
20
23
25
46
23
3
9
40
19
9
9
5
10
9
5
7
31
32
31
9
27
25
6
69
7
56
101
8
18
29
12
14
78
4
16
15
17
21
7
12
6
13
33
16
19
5
21
4
62
11
6
10
19
27
7
15
12
16
8
8
16
6
6
29
1
3
39
11
15
48
18
15
6
61
8
22
62
23
30
16
21
14
7
11
38
22
34
11
14
54
21
22
13
31
7
8
23
241
10
16
76
11
36
8
36
16
28
6
59
5
11
17
9
43
10
23
5
66
36
9
5
6
11
3
13
31
36
8
4
4
20
20
31
6
2
30
6
12
7
6
9
4
3
9
31
15
5
15
25
16
20
19
5
14
10
15
4
15
33
11
7
4
19
14
28
6
7
13
78
9
16
9
36
20
5
44
22
18
11
6
9
14
43
28
19
10
18
7
11
13
12
24
13
16
24
31
11
15
23
11
54
8
15
18
90
8
14
5
25
6
6
14
16
8
30
14
55
6
8
8
9
13
20
53
11
54
10
8
10
14
14
8
18
7
11
7
17
14
31
10
17
28
14
35
12
33
6
9
43
28
9
6
7
16
36
38
41
14
34
10
31
11
10
17
25
45
16
8
18
30
5
20
13
5
60
62
119
10
13
10
5
61
7
23
78
15
33
28
9
17
39
26
25
26
8
11
15
73
13
10
96
19
4
12
8
15
8
23
34
6
42
36
14
8
30
17
28
27
43
12
11
14
8
16
34
12
20
35
12
11
5
4
10
30
8
7
36
16
49
11
18
14
17
22
33
41
8
19
18
27
20
5
36
72
11
25
31
17
5
29
16
5
102
5
19
17
10
49
9
4
13
7
30
8
17
31
11
28
6
18
80
20
29
27
42
8
21
14
6
11
7
34
8
6
32
11
14
19
10
23
41
11
5
12
46
19
10
6
15
28
44
5
6
8
1
3
55
10
5
20
12
47
33
5
8
26
6
146
11
8
11
13
76
90
14
10
9
2
10
40
4
8
30
32
5
14
7
6
10
12
27
7
6
12
32
66
13
37
21
34
21
13
27
8
7
6
39
7
11
13
8
7
5
42
13
52
13
23
11
134
10
14
48
37
26
26
52
7
31
6
8
15
8
7
17
9
16
6
6
37
15
7
12
72
11
15
22
6
4
117
14
9
19
23
39
12
12
22
24
18
7
6
6
9
10
20
22
5
9
10
18
27
48
6
27
9
20
10
21
25
5
33
5
46
11
9
19
22
6
16
18
13
28
15
18
9
5
5
40
3
9
8
30
25
14
11
16
7
17
10
5
25
56
12
38
8
44
15
10
35
22
12
10
11
19
8
20
33
9
3
16
13
30
9
9
6
6
21
32
67
7
16
12
8
9
8
38
13
9
30
26
19
32
7
17
24
6
6
26
8
34
6
6
6
28
5
5
15
10
38
10
6
6
5
7
14
19
6
15
11
4
6
53
12
31
15
73
30
13
25
19
21
13
13
12
7
11
5
25
4
28
14
2
8
63
9
14
5
7
10
21
34
26
8
11
4
12
14
41
37
10
8
10
12
37
17
9
37
6
20
8
12
16
12
19
5
30
114
16
21
19
42
20
2
4
17
1
16
27
6
9
96
7
6
8
13
4
24
47
10
6
11
20
99
14
10
14
13
31
6
15
17
91
10
124
29
15
250
9
12
10
20
21
10
124
23
5
20
9
1
15
13
7
6
12
14
20
22
17
10
21
5
16
74
4
13
19
9
12
30
50
5
13
8
4
18
9
11
5
19
28
6
11
10
22
4
16
8
9
15
9
5
37
19
58
1
15
12
25
7
39
27
13
6
16
13
13
27
7
22
13
36
8
11
25
14
61
16
6
49
7
64
5
21
8
50
6
12
6
24
11
27
7
18
15
6
30
7
13
12
8
39
11
14
28
10
9
12
24
17
29
7
9
11
7
9
6
19
30
13
7
12
5
8
51
19
20
18
10
12
6
11
9
12
8
27
5
19
21
9
9
6
9
15
18
4
10
6
33
13
13
11
6
10
5
6
8
29
17
46
8
10
7
13
10
49
7
14
7
5
14
32
30
15
9
5
5
10
40
23
13
5
65
8
5
9
6
7
7
5
11
6
4
23
11
9
7
13
4
49
8
11
8
8
25
18
31
12
16
60
5
10
131
15
6
17
10
26
30
18
27
18
34
10
8
3
28
8
3
7
4
14
12
46
16
19
19
6
7
7
29
80
11
10
9
9
6
3
23
6
84
24
19
15
8
13
13
13
152
10
5
17
41
9
8
10
38
18
46
8
6
39
54
15
9
14
15
11
32
28
7
66
9
18
12
7
7
5
33
19
14
12
25
29
17
35
321
7
5
12
8
14
8
8
7
14
7
14
8
11
21
23
15
4
13
5
6
9
93
7
11
7
11
38
7
16
16
5
7
5
12
9
8
12
25
20
6
97
60
10
22
19
20
18
16
16
80
122
13
11
26
5
29
12
17
98
3
7
19
17
10
5
8
24
12
17
23
3
5
5
6
9
10
5
15
5
10
15
23
55
2
8
15
20
19
11
6
9
11
13
14
8
21
8
27
19
8
4
11
17
6
14
59
10
7
32
60
28
29
20
29
12
19
24
38
14
22
13
29
46
15
14
10
30
13
18
24
21
13
41
10
1
17
6
5
11
232
6
17
6
5
53
14
12
31
9
78
5
15
6
6
16
12
2
170
15
19
19
10
26
64
8
14
10
6
10
16
5
8
16
6
75
22
8
68
63
22
10
5
39
12
5
18
12
6
10
17
6
14
8
14
3
8
16
13
5
14
22
0
7
30
6
7
19
6
11
7
64
8
26
33
19
19
8
21
5
11
15
24
9
8
14
5
10
8
25
19
2
9
18
14
29
8
9
32
6
12
7
720
12
9
29
94
5
20
29
12
72
18
8
23
46
16
5
6
9
14
38
9
2
7
31
12
15
13
7
12
8
13
37
9
10
16
18
83
14
6
10
10
9
5
6
38
10
6
8
18
104
30
13
11
11
13
26
76
4
14
8
48
5
14
58
5
6
6
16
36
12
5
10
12
7
12
20
28
46
6
8
18
75
5
36
47
5
9
6
41
3
35
30
30
9
51
12
43
25
30
7
7
31
8
11
50
12
8
8
19
57
6
39
1
21
6
9
14
33
1
6
6
23
9
3
11
11
33
4
15
5
7
7
24
16
31
16
10
5
9
10
27
14
101
9
10
11
8
5
2
5
6
36
8
4
9
8
12
14
8
7
73
30
10
21
8
22
64
23
6
20
20
9
85
5
11
12
6
107
11
8
38
13
20
24
18
8
2
12
4
5
6
5
100
2
6
19
9
31
16
17
15
17
12
13
11
54
18
12
17
65
17
22
43
7
12
4
10
23
13
9
23
5
6
5
30
9
8
4
81
20
13
7
7
18
90
26
29
12
6
7
10
10
4
12
20
5
7
110
19
27
13
13
13
5
13
21
14
509
14
5
33
51
20
19
132
30
11
10
60
267
6
9
7
38
9
8
11
6
10
11
58
15
11
8
139
4
13
1
30
15
12
15
7
33
19
23
17
25
8
3
58
11
13
11
20
10
8
18
139
44
4
10
18
9
5
24
8
10
74
19
209
8
12
9
54
12
8
22
36
9
12
5
13
5
33
13
22
38
26
32
51
4
9
44
8
13
6
12
5
44
29
10
20
21
4
109
12
5
23
13
5
24
2
7
13
24
54
39
13
30
221
84
109
46
22
24
30
18
7
20
16
19
11
8
95
24
8
21
6
6
10
3
17
10
16
30
37
18
5
7
5
29
51
21
7
7
38
10
12
18
17
9
9
11
20
10
7
11
5
10
11
15
53
7
2
5
20
7
7
68
6
12
50
4
9
9
37
4
14
6
19
4
12
9
15
17
17
20
30
7
47
25
24
15
16
5
430
25
16
24
1
14
53
34
15
5
16
9
25
40
10
7
6
9
6
11
7
5
22
26
15
10
20
8
13
19
5
5
11
16
9
9
7
11
23
11
7
6
15
9
13
12
46
14
13
7
9
10
22
13
20
16
26
11
24
17
13
8
27
5
17
11
8
9
7
3
17
15
13
28
7
15
5
18
7
5
19
23
40
7
4
16
13
24
4
10
7
5
10
7
13
33
8
10
14
25
35
12
16
30
4
4
6
4
7
30
19
16
5
18
13
26
5
6
36
22
12
7
175
7
11
5
5
8
9
18
125
37
17
7
31
19
9
26
6
85
5
66
8
35
285
5
11
16
18
17
47
98
10
33
21
12
51
8
23
20
7
10
18
14
35
7
5
19
8
7
12
10
12
18
6
23
8
7
35
16
9
5
3
12
14
7
32
33
8
4
22
10
6
10
7
16
14
6
53
22
5
18
7
17
9
15
16
5
15
11
16
7
5
15
29
14
18
45
8
5
13
11
27
8
30
8
15
5
19
6
42
5
11
17
11
100
6
10
8
10
14
8
6
26
40
4
31
5
7
8
12
8
14
34
11
47
10
5
5
19
7
14
20
23
11
8
14
6
4
11
20
14
9
4
11
33
156
7
16
8
3
9
9
19
6
10
6
13
16
12
11
6
24
18
7
5
8
37
12
20
16
10
26
11
39
6
12
1
19
17
10
12
5
25
8
8
10
9
14
18
7
30
16
9
2
8
10
18
6
8
88
14
25
7
23
86
25
26
32
9
6
38
56
9
28
5
27
10
12
11
56
14
19
9
10
15
8
20
12
5
11
36
11
2
36
26
17
21
17
4
10
22
137
29
17
20
8
5
14
45
26
12
12
9
9
18
11
60
76
15
7
69
42
25
1
8
7
8
10
14
30
17
6
25
8
6
4
7
19
4
5
13
10
12
17
12
5
13
7
9
23
12
7
54
7
9
7
21
14
9
10
45
5
12
5
20
34
16
18
20
8
7
9
6
7
13
6
4
11
22
5
15
8
9
5
13
11
6
12
3
10
27
12
7
8
6
15
17
26
9
18
7
20
8
3
36
33
11
5
13
6
15
6
13
12
8
7
59
22
9
36
11
3
7
9
19
16
5
3
8
9
20
14
27
6
15
10
9
3
30
16
23
11
7
19
9
8
7
8
16
6
30
14
4
9
26
9
29
8
47
6
10
16
5
33
27
9
6
10
0
2
11
4
8
11
35
18
9
13
37
18
8
10
8
29
5
6
14
10
76
10
9
10
8
8
27
8
4
27
6
84
8
20
4
11
42
18
11
18
9
7
19
6
11
16
10
7
7
9
11
14
6
13
23
5
24
6
16
17
24
7
6
8
5
16
28
7
18
15
7
4
10
40
16
11
9
4
28
6
4
11
18
6
17
17
16
26
4
6
17
13
5
6
9
3
6
11
7
22
2
6
13
7
12
8
2
6
6
6
13
22
4
29
10
6
7
16
25
20
5
17
17
19
13
6
15
22
6
41
7
16
5
5
6
89
10
23
6
16
16
10
6
5
7
2
46
43
5
17
16
21
20
8
7
3
7
26
17
39
14
11
28
30
5
19
9
7
23
13
19
5
25
28
31
6
10
19
11
5
7
10
3
5
4
21
20
7
20
27
19
12
10
11
20
4
32
17
7
12
30
21
4
7
4
62
11
7
12
11
15
16
47
9
24
33
17
16
8
7
10
11
21
8
7
13
4
12
7
11
13
7
34
68
6
4
6
11
16
11
16
6
12
17
36
6
19
4
9
6
6
13
18
21
3
28
12
8
4
9
0
5
14
15
16
11
9
6
24
5
13
13
4
13
12
4
6
5
16
69
9
17
49
7
24
3
8
13
9
6
5
8
9
6
5
24
7
7
5
5
24
5
7
16
19
8
4
17
13
8
13
15
18
12
13
4
26
11
13
8
20
5
46
13
19
11
53
19
25
14
7
18
9
9
9
7
17
10
10
8
14
11
4
43
6
14
12
11
7
10
4
26
20
9
12
22
9
11
8
5
18
8
32
16
8
2
23
5
5
13
38
9
19
8
6
14
16
12
5
6
5
5
31
25
13
6
42
7
5
10
15
5
13
8
6
21
5
11
15
4
27
17
10
42
4
7
14
7
8
91
12
42
7
10
25
13
53
6
21
21
12
18
27
6
6
6
6
30
11
18
6
14
7
5
5
10
18
13
7
23
11
29
12
21
11
40
5
6
14
9
12
15
16
12
5
26
39
95
6
7
6
5
7
5
6
8
27
31
6
5
11
7
44
6
5
13
7
8
5
14
6
50
8
8
9
15
20
14
5
9
7
9
10
8
16
6
87
20
14
31
13
18
6
60
6
53
9
13
6
22
5
28
44
26
16
9
12
17
9
9
11
9
1
1
27
10
7
6
6
13
13
6
14
14
7
28
7
3
100
11
10
25
18
12
9
19
8
6
31
9
11
9
11
16
7
10
7
7
4
7
13
5
22
5
16
16
5
53
34
5
6
19
9
5
39
9
7
28
2
7
15
14
54
16
13
6
29
2
43
23
25
6
13
3
6
11
37
9
14
19
15
9
6
17
6
19
23
25
19
333
84
14
19
18
19
13
8
10
7
88
71
22
6
7
10
5
11
25
23
22
7
5
7
5
29
4
7
16
10
8
5
6
6
70
15
5
20
20
10
29
0
18
8
4
5
37
34
3
8
14
9
57
61
9
8
9
12
7
1
18
6
5
8
14
23
6
5
7
17
19
9
33
13
28
27
13
25
16
11
41
9
6
45
17
23
2
15
5
10
9
12
15
6
11
60
5
14
26
8
7
9
73
10
26
82
5
5
5
19
24
3
14
6
5
16
20
6
10
10
4
9
56
9
12
17
13
8
5
7
8
34
15
20
25
7
5
12
9
13
6
4
7
9
11
73
15
8
9
11
3
20
6
9
24
7
3
10
20
10
19
5
6
22
10
10
6
5
35
17
13
12
9
13
18
8
27
6
8
5
15
10
7
5
27
14
10
6
10
26
16
16
6
12
6
15
3
9
7
5
7
11
36
8
10
20
7
20
7
8
37
101
21
35
14
30
23
14
13
25
20
7
4
7
5
4
5
11
7
4
5
10
7
6
8
6
4
18
21
10
13
10
9
7
14
28
15
12
10
13
14
56
9
15
4
7
5
8
19
14
10
35
5
8
12
13
9
16
8
29
4
9
16
12
7
5
33
15
21
7
15
6
4
4
12
4
29
26
17
30
27
16
6
10
5
9
24
11
17
18
7
7
11
12
24
8
5
13
13
7
3
9
10
5
16
9
77
8
9
11
22
6
5
13
11
7
6
6
6
32
26
5
14
34
11
5
20
4
5
10
15
5
16
53
6
10
4
11
10
17
16
26
5
10
10
5
24
34
6
11
15
32
4
11
5
15
6
20
10
10
11
11
13
12
9
9
12
9
8
43
8
27
12
21
15
9
17
18
30
28
215
24
6
9
6
60
11
7
10
14
8
8
5
26
11
35
6
6
11
162
6
8
6
50
5
14
13
13
21
3
5
5
24
6
7
71
2
32
8
6
25
13
6
7
6
10
40
8
11
17
27
17
10
4
6
11
6
16
15
9
18
47
6
7
12
12
9
2
18
2
27
13
6
26
18
11
4
17
6
11
6
6
7
14
7
9
73
10
5
6
10
28
13
42
7
5
18
4
11
9
25
8
7
15
12
10
8
8
30
3
5
6
6
25
0
5
6
10
9
52
5
8
6
14
6
7
8
12
11
6
20
5
14
5
15
7
6
8
7
14
16
1
5
9
20
6
9
8
51
24
14
8
12
13
3
9
15
12
15
2
9
10
7
6
11
21
11
11
8
10
17
10
5
13
18
4
3
4
5
9
16
4
4
3
19
28
15
8
8
4
3
11
20
1
1
16
63
15
20
18
6
13
8
13
8
5
7
10
7
6
10
36
6
3
13
30
10
8
31
4
11
5
8
5
20
9
11
7
14
8
5
9
5
5
6
5
5
6
14
5
17
10
11
9
15
3
8
17
9
8
34
13
18
12
7
20
44
15
6
9
5
18
9
13
16
6
100
8
6
18
8
8
9
7
10
8
5
10
7
5
5
9
20
9
15
13
7
13
14
15
41
19
7
10
38
18
17
37
8
5
10
11
15
10
6
7
22
22
10
20
8
7
9
8
33
6
10
4
9
3
8
8
11
19
4
8
16
5
6
6
4
9
5
5
17
16
8
7
7
11
16
10
19
27
32
6
9
12
28
11
24
12
20
12
6
16
3
11
6
10
47
34
41
4
10
9
24
9
26
20
24
14
15
8
16
2
41
11
9
6
8
20
37
9
14
8
22
5
7
21
37
32
10
4
5
1
9
8
7
6
10
14
5
10
6
13
90
21
6
18
12
8
2
41
8
6
1
24
25
9
11
21
8
5
6
5
8
9
7
5
9
8
33
12
9
8
7
14
4
8
21
5
14
7
25
3
4
18
36
9
13
12
17
4
8
6
15
8
43
11
8
11
5
11
23
15
5
5
5
6
31
2
6
17
8
10
7
6
7
5
1
11
20
5
5
9
30
8
10
5
12
6
3
6
12
15
5
17
15
6
6
5
11
5
7
8
6
8
14
7
11
10
50
11
8
9
3
5
15
6
12
6
27
43
7
7
6
6
17
29
5
6
3
14
12
10
10
11
8
245
9
11
18
34
6
7
17
51
7
5
8
10
6
6
19
5
11
5
8
70
7
23
33
30
8
30
24
4
45
5
5
5
3
6
8
15
3
6
17
8
13
4
6
40
6
21
20
59
7
7
20
11
9
6
7
5
8
9
11
13
23
33
9
6
20
9
2
23
4
5
11
17
26
22
17
26
102
7
7
6
6
13
17
27
6
11
9
13
11
185
14
16
14
7
1
12
24
9
5
461
34
99
4
11
10
7
6
12
102
36
13
1
10
10
23
5
5
5
11
19
14
48
7
12
7
10
8
5
21
5
10
11
22
7
19
10
7
7
3
1
52
7
8
13
10
13
11
6
20
8
11
14
13
10
10
4
7
14
8
6
5
12
12
5
19
27
4
12
7
5
11
8
12
6
7
6
14
21
4
18
24
14
20
8
11
8
23
267
47
3
21
8
8
9
5
7
24
5
7
10
18
10
8
109
19
6
18
11
14
6
31
15
8
6
6
14
22
16
9
14
19
6
5
2
8
6
9
5
10
15
0
5
20
8
8
8
6
1
7
18
9
18
13
8
10
18
11
5
6
7
13
25
6
23
6
4
5
6
9
15
11
9
7
9
7
25
10
18
6
24
6
9
5
4
42
5
10
15
7
14
14
7
13
11
19
3
7
7
5
6
11
5
9
7
5
6
7
12
7
16
8
8
8
8
5
3
5
7
9
6
4
9
6
17
5
21
15
5
6
9
8
9
6
24
15
6
4
6
6
11
4
14
5
4
10
10
2
11
4
6
5
23
7
5
9
5
10
7
17
9
9
5
9
3
8
7
8
11
11
1
6
11
15
6
7
9
7
8
5
4
4
8
14
8
12
7
24
5
6
5
15
10
10
8
4
11
13
6
5
31
4
7
5
13
5
3
5
5
5
12
18
5
10
9
6
7
5
7
5
7
13
4
7
8
4
14
17
5
7
4
5
5
12
7
5
5
7
16
20
6
10
16
13
10
32
7
6
9
5
4
0
21
10
12
5
9
15
9
7
27
12
16
23
8
10
9
6
9
12
9
6
9
4
7
4
4
6
17
12
5
13
6
38
4
37
10
14
5
23
11
1
1
13
13
5
17
10
9
6
16
9
10
5
28
7
5
5
14
23
4
10
15
5
16
10
22
6
9
5
11
14
39
7
9
6
6
7
1
10
29
5
7
5
21
6
8
16
9
5
3
9
3
29
6
62
10
11
11
16
12
6
9
5
5
5
5
9
12
3
27
6
20
8
7
9
18
10
11
30
9
5
6
3
4
7
5
31
22
4
10
12
6
5
4
18
17
16
4
18
32
15
7
9
50
9
6
6
8
1
8
27
9
4
10
9
8
9
2
23
4
11
15
4
4
7
4
6
6
8
5
7
11
15
44
5
10
4
6
10
9
7
5
10
8
5
5
7
18
11
5
15
6
7
7
16
5
17
7
9
5
11
11
8
0
19
11
22
11
19
19
4
4
29
10
6
10
35
4
3
5
7
19
8
20
3
11
5
12
13
6
12
58
4
6
11
7
26
11
5
5
7
3
5
9
8
11
7
7
11
15
12
11
22
16
5
5
8
14
30
4
10
8
11
7
14
9
18
44
5
8
12
19
12
10
8
37
6
6
6
6
2
17
107
10
7
3
16
20
9
6
10
8
10
5
12
10
4
11
5
13
11
5
43
5
13
12
4
10
16
5
8
7
7
8
9
5
8
19
6
16
8
8
4
10
11
29
13
9
7
12
6
5
9
9
31
9
13
13
33
7
11
6
6
17
6
8
11
6
5
5
11
10
5
16
28
3
7
13
14
10
8
10
15
8
27
5
9
5
11
20
6
14
5
1
10
4
7
11
14
54
15
11
19
16
17
28
13
9
9
8
3
5
16
5
19
7
4
32
150
7
11
14
11
18
12
20
13
13
15
18
9
2
10
18
12
23
16
12
41
41
8
5
152
10
10
112
9
30
18
5
15
6
19
6
23
4
6
16
17
5
9
17
73
8
6
4
4
21
13
9
5
7
14
8
4
17
18
5
10
11
21
9
17
9
1
16
13
9
5
4
5
6
7
8
5
6
12
9
15
10
7
16
8
28
7
7
21
30
4
26
10
6
10
6
9
5
8
4
7
15
21
45
4
6
1
7
12
99
13
24
12
9
7
13
6
9
8
8
10
9
49
15
6
11
10
7
16
16
16
5
10
10
1
11
8
5
7
4
7
13
8
7
7
45
6
1
5
12
4
5
5
9
5
10
15
7
38
12
8
83
21
8
6
20
6
15
5
8
7
7
9
50
4
6
25
11
44
11
6
5
16
12
9
20
13
7
51
7
5
9
5
5
7
10
8
10
12
11
8
7
10
8
11
7
14
31
7
15
23
11
8
84
6
6
4
13
10
2
5
12
11
16
11
6
11
33
9
12
8
9
1
8
11
4
9
12
97
6
6
16
6
12
15
6
8
7
21
30
3
36
6
39
5
5
4
10
10
14
15
44
11
2
30
6
10
46
8
33
25
12
5
8
12
7
8
10
6
15
13
12
8
14
3
12
9
5
7
9
34
13
19
7
6
1
10
9
11
22
6
12
14
26
9
8
2
6
6
5
6
8
11
17
9
26
4
5
5
100
21
5
10
13
7
6
6
18
8
7
5
7
51
15
20
14
7
4
12
7
1
8
9
20
3
5
114
5
7
7
36
20
2
6
7
8
5
15
11
14
10
26
11
11
17
5
8
16
9
4
26
10
8
7
8
8
7
33
5
19
5
13
6
17
13
14
12
16
24
13
11
8
8
13
14
6
19
7
10
2
7
31
20
11
6
24
8
7
10
7
49
44
8
34
6
4
18
37
8
9
20
4
146
151
13
51
10
25
16
12
14
12
23
4
96
13
12
9
6
17
9
9
6
5
10
6
15
104
8
18
7
9
25
11
25
1
4
5
35
26
1
6
8
6
7
7
5
7
7
22
20
7
8
26
7
6
8
9
16
8
6
1
6
7
15
2
7
10
23
12
8
5
62
5
23
10
7
20
12
4
6
6
6
5
10
8
12
44
10
16
14
22
25
1
18
7
5
12
8
1
9
19
8
8
6
5
16
10
7
5
8
7
9
6
14
9
21
5
7
7
30
6
9
5
12
14
17
1
5
21
13
14
298
8
9
6
5
9
7
11
7
4
4
10
11
8
7
24
16
6
4
9
9
8
11
21
22
24
6
12
41
6
7
18
7
32
7
9
13
19
6
17
39
15
6
18
6
12
12
8
9
5
13
5
4
12
41
9
6
10
7
1
9
26
5
6
9
4
10
4
12
22
14
17
8
11
10
6
6
4
20
6
4
8
10
6
4
1
21
11
13
7
2
7
7
23
37
23
18
8
6
67
4
11
8
10
4
13
25
6
8
2
9
9
7
14
4
18
8
6
9
6
27
7
2
5
11
4
14
31
4
18
4
19
36
33
18
25
5
4
4
17
6
3
10
7
1
34
3
8
13
6
3
7
17
6
11
5
8
8
6
6
6
6
6
6
5
13
11
6
20
14
6
8
5
14
13
44
11
5
15
7
6
12
6
24
6
12
6
5
16
10
4
17
13
7
10
41
6
4
5
15
7
11
11
10
6
25
43
13
5
9
7
6
10
15
16
5
16
17
17
4
5
9
11
6
5
7
6
6
62
3
7
0
12
6
13
5
24
5
8
6
7
12
10
9
13
11
58
18
7
8
15
7
17
11
4
27
6
8
14
6
5
11
8
4
43
26
5
7
11
8
10
16
9
11
7
59
9
17
25
10
12
26
9
18
277
8
11
59
4
5
7
5
5
5
5
5
7
5
7
17
8
33
12
12
16
3
5
11
9
5
6
14
6
8
5
7
6
5
2
9
56
12
6
9
7
6
2
9
10
27
5
51
7
7
4
44
9
8
8
2
7
4
4
3
9
4
5
9
11
7
21
10
13
14
7
7
15
15
5
5
5
9
22
10
21
5
6
6
4
4
12
5
7
5
7
5
15
12
21
13
23
6
6
5
5
22
6
11
13
8
5
11
7
12
10
8
10
5
8
15
12
6
6
9
8
14
6
26
11
9
5
5
6
9
7
10
9
7
12
4
7
23
20
9
7
12
7
5
8
6
33
6
5
6
3
9
6
9
9
18
5
10
4
3
10
10
12
5
7
13
6
7
6
2
5
9
7
6
5
13
6
9
6
16
7
11
7
7
6
6
11
12
6
5
7
7
5
16
17
5
7
5
12
13
6
5
5
27
8
18
7
5
15
9
4
6
24
6
6
11
29
9
7
8
164
17
11
6
11
10
32
8
55
8
5
5
8
5
8
7
11
6
6
13
7
16
6
5
5
19
11
11
8
5
8
12
11
3
4
11
79
5
6
15
11
29
7
9
7
10
6
5
8
4
10
4
17
5
9
5
7
15
10
17
8
2
11
6
9
5
13
10
4
5
7
25
8
6
6
6
9
29
13
53
14
18
7
13
12
7
7
12
3
11
15
5
22
20
9
24
5
11
27
2
14
7
16
30
16
10
5
2
8
7
4
12
6
5
10
4
11
11
5
9
3
13
9
6
14
17
14
5
9
7
3
9
5
13
2
5
7
10
14
30
9
6
9
9
16
16
8
8
11
8
5
9
10
8
33
15
20
11
14
15
9
12
4
6
10
6
5
9
7
8
3
10
9
5
4
9
8
21
6
5
9
13
8
6
8
5
7
7
21
7
5
4
5
12
5
6
7
5
7
4
5
2
8
13
15
6
12
13
17
8
4
20
13
10
6
14
10
13
10
5
22
9
6
6
8
7
5
10
25
38
7
7
5
10
4
6
8
5
5
7
10
11
13
5
6
9
6
9
12
9
3
4
5
5
5
7
7
6
3
10
6
5
10
9
15
10
21
4
8
10
6
19
6
14
7
20
11
4
4
12
9
4
4
10
5
5
12
7
61
13
20
30
4
6
9
4
6
6
3
19
11
7
8
14
5
6
4
9
9
11
13
14
5
23
11
6
51
14
5
15
9
3
7
12
12
7
6
5
4
8
18
4
1
5
5
5
6
8
77
25
7
8
40
4
7
15
5
14
7
5
15
5
5
5
14
9
6
17
13
21
5
7
7
10
11
6
10
12
8
6
5
7
73
5
44
13
5
5
6
3
5
7
13
90
8
5
13
6
18
5
17
6
20
10
5
10
8
6
9
15
9
9
15
6
18
7
15
6
6
5
5
14
8
7
12
12
6
4
8
10
11
11
7
6
4
6
12
13
14
2
5
6
7
8
6
6
8
7
8
8
6
16
20
12
6
15
5
18
11
5
16
22
4
25
104
9
12
7
7
7
8
8
13
11
17
8
6
13
7
7
6
5
21
2
9
12
12
4
6
7
10
8
12
24
5
14
3
6
10
5
8
9
10
17
14
5
9
15
6
6
16
6
7
4
7
9
6
7
6
5
5
15
7
7
7
7
15
16
2
8
15
8
140
35
6
11
5
5
8
45
8
10
9
7
4
13
11
50
29
8
9
18
9
29
1
20
14
10
22
7
15
6
6
4
16
7
6
14
8
7
6
7
8
7
9
5
9
6
6
8
7
7
6
12
12
14
42
16
6
6
12
9
25
6
9
5
7
3
4
11
16
4
13
9
261
6
6
8
5
8
23
6
6
4
8
9
6
7
8
6
7
12
4
2
8
17
4
21
30
6
33
7
8
5
9
6
12
5
33
5
7
7
28
21
5
7
9
5
8
9
10
5
18
8
4
17
13
16
24
13
7
1
4
6
22
4
7
27
6
8
8
6
11
14
10
9
7
6
7
10
9
1
6
10
6
6
10
6
6
6
15
7
14
18
10
5
8
10
4
5
4
5
37
6
8
8
7
5
16
5
6
8
6
5
4
18
11
7
105
7
9
5
7
13
10
10
5
6
1
7
7
8
5
18
7
4
12
9
9
13
199
29
8
6
19
22
8
15
5
15
6
12
17
18
8
11
3
5
11
40
31
0
6
4
8
31
12
12
15
10
6
7
26
7
13
15
5
10
10
5
9
4
30
11
9
8
5
74
10
54
5
5
19
15
5
21
11
16
26
25
5
6
5
11
14
10
7
5
13
1
7
3
10
6
7
2
4
4
11
5
42
18
3
13
10
12
11
31
16
5
5
5
22
10
5
3
18
7
9
3
6
9
22
7
9
33
14
8
31
14
20
16
7
12
21
6
4
9
12
14
16
4
25
11
6
7
17
13
4
12
11
10
5
52
11
5
13
9
20
5
7
5
17
6
13
8
7
3
10
6
7
9
5
7
15
1
6
10
5
15
9
6
6
5
4
12
7
6
8
57
11
21
11
6
4
6
8
23
6
10
5
9
5
15
9
4
8
11
10
15
6
8
7
16
15
12
7
8
5
5
9
5
4
9
16
5
37
16
15
4
4
5
5
8
12
6
9
7
7
7
5
4
5
6
9
10
36
16
5
5
8
5
2
4
8
8
7
23
10
30
5
8
16
5
3
5
5
5
12
13
5
10
5
8
9
30
4
7
2
24
5
23
5
11
6
12
11
12
5
6
5
21
99
5
6
15
16
25
10
5
10
9
7
10
11
7
1
17
5
6
5
6
13
11
8
28
3
7
15
5
6
5
6
13
12
6
17
7
112
5
10
7
8
109
16
12
12
768
246
5
5
3
8
7
18
8
194
7
15
18
6
20
28
6
4
8
6
17
3
5
6
5
21
5
10
6
4
5
8
37
6
6
21
11
8
9
11
7
11
21
47
5
14
18
9
12
5
7
9
8
5
12
13
6
26
6
21
5
6
37
5
9
84
14
9
2
14
5
269
37
20
5
5
16
6
8
2
60
6
6
28
48
9
9
5
12
6
19
21
10
15
8
5
28
7
5
34
10
5
10
18
10
8
77
11
5
4
6
26
6
4
11
10
6
124
5
7
3
8
362
10
5
8
7
5
6
5
5
7
9
5
8
6
15
49
9
12
8
9
4
5
5
16
2
4
4
5
40
10
0
5
31
4
15
5
14
5
20
9
5
5
24
5
5
5
5
6
14
15
12
35
10
12
12
31
25
8
4
10
8
7
6
6
5
10
54
14
28
7
4
9
5
37
6
6
92
